tree
version=v4
num_class=1
num_tree_per_iteration=1
label_index=0
max_feature_idx=51
objective=binary sigmoid:1
feature_names=a2_score has_code_fence prompt_approx_tokens prompt_chars embedding_00 embedding_01 embedding_02 embedding_03 embedding_04 embedding_05 embedding_06 embedding_07 embedding_08 embedding_09 embedding_10 embedding_11 embedding_12 embedding_13 embedding_14 embedding_15 embedding_16 embedding_17 embedding_18 embedding_19 embedding_20 embedding_21 embedding_22 embedding_23 embedding_24 embedding_25 embedding_26 embedding_27 embedding_28 embedding_29 embedding_30 embedding_31 embedding_32 embedding_33 embedding_34 embedding_35 embedding_36 embedding_37 embedding_38 embedding_39 embedding_40 embedding_41 embedding_42 embedding_43 embedding_44 embedding_45 embedding_46 embedding_47
feature_infos=[-2.8105082381565287:-1.7521656005865776] none [8:965] [34:3860] [-0.41087217443874041:0.61782155193190347] [-0.48471791416315496:0.50738849249045237] [-0.58520573598065284:0.1637091018140116] [-0.457495710997814:0.48970210687439175] [-0.41646336503628284:0.36980013081681939] [-0.46164353574848277:0.27910827799011501] [-0.49030428616306426:0.35382651028683815] [-0.41130179815941625:0.42628184178677897] [-0.7761441759351253:0.25514595333753737] [-0.25087260300212721:0.56200266417119338] [-0.38669459561826541:0.57796492950336786] [-0.48622141449773226:0.48730810225589299] [-0.55001909821692674:0.39036002917941331] [-0.23408229439226114:0.70149986857704305] [-0.3596943895981084:0.42459591394742019] [-0.3481553119113957:0.47546492756792713] [-0.3245134270208202:0.52075564392329554] [-0.39082557499682519:0.32882426898275152] [-0.41281254969226883:0.45401858887714786] [-0.49763795114508702:0.41301708893558936] [-0.53839652650374503:0.42173074971558477] [-0.30845685446746224:0.51089105201080265] [-0.40388187304691769:0.36099410255771208] [-0.2290393337255473:0.6393508022779113] [-0.40927275453502904:0.33633639699815621] [-0.42444648726183282:0.25630729731502827] [-0.73874861306336814:0.21031022607861385] [-0.4681734716045628:0.40689422938557973] [-0.30599503068105227:0.41130179815941625] [-0.2520988421229669:0.59213690821293896] [-0.43249857361756672:0.4493247650413843] [-0.64379044019311227:0.34731435582359393] [-0.48314531438551706:0.27044936151312532] [-0.3576777653141881:0.55381861969499646] [-0.5121475197315839:0.33776026473659926] [-0.53951250094920478:0.43748483228844198] [-0.63167616570923679:0.68475227121768012] [-0.48949020986880254:0.48218561322280346] [-0.46114398896535042:0.38087317795088099] [-0.44766148103584524:0.36014120303280989] [-0.39773369280899523:0.42008402520840299] [-0.48434471241406046:0.48800932206302489] [-0.75925660236529657:0.33806170189140661] [-0.51314236049113426:0.3563249516154553] [-0.43560684186903209:0.43070552164653242] [-0.42111744380615784:0.62985816774525505] [-0.35666297896665838:0.37577968896651326] [-0.51047656089015592:0.41650600860529929]
tree_sizes=1680 1704 1708 1692 1704 1715 1718 1719 1713 1723 1728 1726 1708 1718 1734 1733 1720 1725 1721 1733 1725 1739 1725 1731 1738 1722 1741 1741 1744 1720

Tree=0
num_leaves=15
num_cat=0
split_feature=0 45 37 2 36 50 8 50 11 19 44 10 4 10
split_gain=110.837 170.632 105.355 77.3452 81.0192 73.4633 69.0407 86.4985 62.4087 49.9048 86.4985 48.1457 46.2481 72.0821
threshold=-2.3513958392476675 -0.072934865704396959 0.22154654609892574 68.500000000000014 -0.076194172531252449 -0.18098806511769022 0.083505920422862881 -0.088681165073738452 0.19694649407745393 0.28294885923567009 -1.0000000180025095e-35 0.078567490297480572 0.099134970838507128 0.018706956053050311
decision_type=2 2 2 2 2 2 2 2 2 2 2 2 2 2
left_child=-1 2 3 4 6 -3 8 -8 11 -7 -11 -2 -5 -14
right_child=1 5 -4 12 -6 9 7 -9 -10 10 -12 -13 13 -15
leaf_value=-3.553988857880725 -1.9763490656381073 -2.2266339849364662 -1.7761211301994266 -3.4359053318622341 -3.4721695245036068 -3.536479842796632 -1.7761211301994366 -3.5781725491476184 -3.2778306459895861 -1.7761211301994313 -3.578172549147618 -3.1276596944105712 -1.7761211301994295 -3.578172549147618
leaf_weight=68.227797254920006 0.49943080544471719 0.11098462343215842 0.13873077929019917 2.1087078452110295 0.471684649586677 10.7932546287775 0.083238467574119568 0.33295387029647827 0.16647693514823914 0.11098462343215942 0.16647693514823991 0.11098462343215942 0.11098462343215931 0.11098462343215942
leaf_count=2459 18 4 5 76 17 389 3 12 6 4 6 4 4 4
internal_value=-3.5267 -3.40515 -3.13068 -3.17772 -2.91742 -3.50663 -2.6981 -3.21776 -2.41971 -3.51946 -2.85735 -2.18568 -3.36364 -2.67715
internal_weight=83.5437 15.3159 4.13418 3.99545 1.66477 11.1817 1.19308 0.416192 0.776892 11.0707 0.277462 0.610415 2.33068 0.221969
internal_count=3011 552 149 144 60 403 43 15 28 399 10 22 84 8
is_linear=0
shrinkage=1


Tree=1
num_leaves=15
num_cat=0
split_feature=0 45 36 31 36 46 31 45 37 20 24 44 6 6
split_gain=77.8525 67.2131 39.2958 38.6697 38.5954 34.3426 56.0589 33.8973 54.8361 49.9244 55.4716 34.0672 69.3395 23.77
threshold=-2.3513958392476675 -0.056796405055615846 0.067529268636081094 -1.0000000180025095e-35 -0.10530370298891517 0.10994180706338726 0.036345713347186677 -0.16088744809442382 -0.054064147061194334 -0.12593218735306988 0.099449076654692339 0.15037824965537108 -0.10122357475140542 -0.24181689858190872
decision_type=2 2 2 2 2 2 2 2 2 2 2 2 2 2
left_child=7 4 13 -4 -2 -6 -7 8 9 -1 -11 -10 -13 -3
right_child=1 2 3 -5 5 6 -8 -9 11 10 -12 12 -14 -15
leaf_value=1.7976229988568022 0.033655419176218504 0.17855659991385042 1.3126036781987407 0.16887730880134469 0.24343355070930445 0.32767161078229956 1.6412094431028672 -0.033493679853906506 -0.022983535635910171 -0.051430512737358824 1.3353596209582661 -0.051430512737358769 1.7976229988568044 -0.035470902665725876
leaf_weight=0.081122584640979767 2.3059561010450125 1.5073413159698255 0.10996588319540024 0.22535780631005842 4.8617513198405531 0.25992396660149086 0.11814860440790653 64.113882727921009 1.7576560005545605 0.21632689237594638 0.10816344618797302 0.13520430773496628 0.081122584640979656 9.3082132115960068
leaf_count=3 62 40 4 6 100 3 4 2371 65 8 4 5 3 333
internal_value=-0.00127035 0.08887 0.0108847 0.54395 0.204114 0.27913 0.738155 -0.026616 0.158689 0.688191 0.410833 0.0498875 0.641965 -0.00564234
internal_weight=85.1901 18.6967 11.1509 0.335324 7.54578 5.23982 0.378073 66.4935 2.3796 0.405613 0.32449 1.97398 0.216327 10.8156
internal_count=3011 552 383 10 169 107 7 2459 88 15 12 73 8 373
is_linear=0
shrinkage=0.05


Tree=2
num_leaves=15
num_cat=0
split_feature=0 45 4 48 4 49 24 36 46 45 37 46 6 37
split_gain=64.8141 45.0689 28.0076 36.4965 27.4317 22.2637 26.278 20.268 19.3351 17.229 16.3781 17.585 14.7984 19.3894
threshold=-2.3513958392476675 -0.061156119635712262 0.16052287431866899 0.12546592236621354 -0.14445133041110164 0.32110078905268241 0.15689792156821314 -0.11785123544622082 0.12786415840759038 -0.16088744809442382 1.0000000180025095e-35 0.066331252578033517 -0.12863153461828858 -1.0000000180025095e-35
decision_type=2 2 2 2 2 2 2 2 2 2 2 2 2 2
left_child=2 7 9 12 5 6 -3 -2 -6 10 11 -1 -4 -14
right_child=1 4 3 -5 8 -7 -8 -9 -10 -11 -12 -13 13 -15
leaf_value=0.12586260556576409 0.021850436510775541 0.25482001354564793 -0.051384114211454758 1.2209713097735033 -0.035831830472169306 0.040034829411880267 1.0079136128330086 0.20310550307202987 0.31819270490875534 -0.037368258111548265 -0.051397165281700713 0.59807330258298286 0.67887861662077387 0.13342706324350109
leaf_weight=1.3858813736587756 1.9994884729385374 0.64337045326828857 0.73389221541583527 0.07859443500637997 9.4789499808102811 1.0739830695092676 0.14126743376255035 6.7452744767069834 0.40203095600009042 60.648705679923296 1.1899921279400585 0.22985649108886708 0.20415909960865952 0.80671643465757281
leaf_count=33 52 12 28 3 338 32 3 108 7 2315 45 4 4 27
internal_value=-0.00186348 0.0757306 -0.0262127 0.166993 0.0117211 0.187949 0.390408 0.161662 -0.0214275 -0.0317645 0.0893669 0.19304 0.119515 0.243588
internal_weight=85.7622 20.4844 65.2778 1.82336 11.7396 1.85862 0.784638 8.74476 9.88098 63.4544 2.80573 1.61574 1.74477 1.01088
internal_count=3011 552 2459 62 392 47 15 160 345 2397 82 37 59 31
is_linear=0
shrinkage=0.05


Tree=3
num_leaves=15
num_cat=0
split_feature=0 49 2 2 33 18 8 50 10 24 7 9 13 38
split_gain=55.8704 36.8914 41.167 25.4686 23.5267 16.5128 26.3639 17.9955 26.3639 14.8274 22.7367 14.6556 13.9837 21.874
threshold=-2.3513958392476675 1.0000000180025095e-35 64.500000000000014 215.50000000000003 0.039001222887602979 0.17091868325650547 0.045314612041631723 0.14764729564601595 1.0000000180025095e-35 0.087475073459868186 0.03235971908709441 0.024062553862403486 0.27693953564407775 -0.16586995539223207
decision_type=2 2 2 2 2 2 2 2 2 2 2 2 2 2
left_child=4 -2 12 -4 5 7 -7 -1 -9 11 -11 -5 -3 -14
right_child=1 2 3 9 -6 6 -8 8 -10 10 -12 -13 13 -15
leaf_value=0.051139353701517246 -0.029929813410150326 0.18574097046801649 -0.032692472169733366 0.039910364198820547 -0.033187261690421403 1.266859985457095 -0.051332652226162762 1.266859985457095 -0.051332652226162762 0.89866804869816885 0.13782932322121952 0.30622213766164091 0.1824256743229353 0.9798453302204172
leaf_weight=3.3795590717345476 6.7651241477578905 6.354193437844514 5.1270061396062356 2.1030020229518422 60.077953819185495 0.075861448422074207 0.075861448422074318 0.075861448422074207 0.075861448422074318 0.15760511904954899 0.26048348657786846 0.68484486266970623 0.21080252155661583 0.14525979384779919
leaf_count=116 236 84 161 46 2331 3 3 3 3 3 6 9 4 3
internal_value=-0.00203881 0.0670438 0.110654 0.03643 -0.0256673 0.0970001 0.607764 0.0750549 0.607764 0.146972 0.42464 0.105331 0.202827 0.507742
internal_weight=85.5693 21.8083 15.0432 8.33294 63.761 3.683 0.151723 3.53128 0.151723 3.20594 0.418089 2.78785 6.71026 0.356062
internal_count=3011 552 316 225 2459 128 6 122 6 64 9 55 91 7
is_linear=0
shrinkage=0.05


Tree=4
num_leaves=15
num_cat=0
split_feature=0 49 2 4 45 0 2 38 26 44 40 31 19 7
split_gain=48.4234 29.9132 24.6253 21.7381 15.3931 14.9689 14.8317 15.2644 12.5677 14.3046 12.4796 12.1518 16.8043 10.336
threshold=-2.3513958392476675 -0.097805324035007662 66.500000000000014 0.16052287431866899 -0.16088744809442382 -2.327371012727768 215.50000000000003 -0.041996248503099486 -0.053149559392331229 -0.070196922878116422 0.35107086411657101 -0.14071084292952932 0.062853941853431336 0.18136249428242002
decision_type=2 2 2 2 2 2 2 2 2 2 2 2 2 2
left_child=3 -2 5 4 8 -3 -4 10 9 -1 -8 12 -5 -7
right_child=1 2 6 11 -6 13 7 -9 -10 -11 -12 -13 -14 -15
leaf_value=1.0664885256706482 -0.051353982342373518 0.66137695694916521 -0.023655631463475893 -0.05127121023676371 -0.036468914146011992 0.16022258896881281 0.11237226149639144 -0.052208117554692235 -0.019564380869628674 0.1577436247966359 0.37040088150782857 0.081011063187084981 0.69530868370162335 -0.005978311843498829
leaf_weight=0.044684831053018459 4.7946643903851536 0.13991438783705135 5.2299600560218078 0.12089549563825164 57.226541370153427 7.7297306731343287 2.3399833999574189 1.1316049136221407 1.5356755293905724 1.4017068613320591 0.58594429120421399 1.8548185545951117 0.2001616545021534 1.0642604194581506
leaf_count=1 189 3 165 5 2315 88 37 30 54 27 8 54 3 32
internal_value=-0.00221801 0.0597675 0.0890073 -0.0250869 -0.0306977 0.148272 0.0319986 0.103734 0.0800524 0.185818 0.164045 0.130171 0.414181 0.140109
internal_weight=85.4005 23.0161 18.2214 62.3845 60.2086 8.93391 9.28749 4.05753 2.98207 1.44639 2.92593 2.17588 0.321057 8.79399
internal_count=3011 552 363 2459 2397 123 240 75 82 28 45 62 8 120
is_linear=0
shrinkage=0.05


Tree=5
num_leaves=15
num_cat=0
split_feature=36 45 4 10 47 48 0 2 30 19 26 36 26 33
split_gain=44.5525 28.4942 19.9751 15.7843 31.8373 16.5521 15.5856 15.9986 13.2949 12.4097 10.8957 13.9719 10.0339 10.568
threshold=-0.098473247038726938 -0.051068016951881547 0.19763731531783366 0.12752408901245246 0.05100157000838304 0.19062336393449691 -2.7128668695834466 315.50000000000006 -0.48355656133935215 0.28294885923567009 -0.19472111706860359 -0.15888128195546089 0.025675226687943743 0.28729519018852928
decision_type=2 2 2 2 2 2 2 2 2 2 2 2 2 2
left_child=2 6 10 5 -5 9 -2 8 -8 -3 11 -1 13 -10
right_child=1 3 -4 4 -6 -7 7 -9 12 -11 -12 -13 -14 -15
leaf_value=-0.052967473733510378 1.0050218662018247 -0.036123298282969667 0.15605671995513165 0.063089329564666466 0.80330777878118953 0.29348571173933252 0.56949104048188015 -0.051596512838933253 0.13955650871464156 0.15289191594851245 -0.03724441371131057 0.23651839645597938 -0.051610980434200017 -0.014623404285869591
leaf_weight=0.82902669347822666 0.047336611896752312 12.69245757721364 1.429836707189678 0.84951309673488029 0.17522680014371872 0.42551663704216558 0.15926337428390702 1.61814435571432 10.024704122915866 0.93215024285018522 52.746563352644444 0.8382695261389006 0.89342784509062845 1.2500045225024212
leaf_count=27 2 487 34 25 5 7 2 60 135 13 2142 10 32 30
internal_value=-0.00228891 0.0479112 -0.028419 0.000216527 0.189664 -0.0136007 0.0992937 0.0962193 0.115622 -0.0231915 -0.0332665 0.0925779 0.109682 0.122463
internal_weight=84.9114 29.0677 55.8437 15.0749 1.02474 14.0501 13.9929 13.9455 12.3274 13.6246 54.4139 1.6673 12.1681 11.2747
internal_count=3011 798 2213 537 30 507 261 259 199 500 2179 37 197 165
is_linear=0
shrinkage=0.05


Tree=6
num_leaves=15
num_cat=0
split_feature=36 45 4 10 51 15 2 30 26 36 0 30 26 50
split_gain=39.5501 23.1376 16.6214 11.558 14.6567 14.1534 10.0359 15.014 9.7285 10.5944 8.05224 7.99504 7.91165 7.80994
threshold=-0.098473247038726938 -0.051068016951881547 0.19763731531783366 0.12752408901245246 -0.062639054643811379 0.10590170227226245 364.50000000000006 -0.48355656133935215 -0.19472111706860359 -0.15888128195546089 -2.3625915611418873 -0.36327284697649392 0.025675226687943743 -0.18098806511769022
decision_type=2 2 2 2 2 2 2 2 2 2 2 2 2 2
left_child=2 6 8 4 10 -5 7 -2 9 -1 -3 -11 -9 -6
right_child=1 3 -4 5 13 -7 -8 12 -10 11 -12 -13 -14 -15
leaf_value=-0.052832462262409001 0.45594004915781716 -0.051247554504730231 0.12920606557065079 0.050989706410036063 0.16745741699655448 0.44570482651473053 -0.051601020963658734 0.10223304001314185 -0.036683315401591914 0.49392272022969447 0.14609983082053291 0.12504295117006037 -0.05151286561505547 -0.046688278047724845
leaf_weight=0.79055899009108543 0.28951095417141814 0.70712483674287829 1.6345607116818417 0.9443816989660252 0.44333142414688964 0.29901810176670551 1.191104907542466 12.612790647894144 50.922253737226129 0.1806053388863802 1.9212687034159888 0.78684205748140701 0.8962152339518078 10.744574457406996
leaf_count=27 3 30 34 25 6 5 46 178 2142 2 28 8 34 443
internal_value=-0.00235504 0.0436713 -0.0278188 -0.000100956 -0.0132415 0.145912 0.0876483 0.0996685 -0.032691 0.0829502 0.0930069 0.193906 0.0920332 -0.0382026
internal_weight=84.3641 30.0493 54.3148 15.0597 13.8163 1.2434 14.9896 13.7985 52.6803 1.75801 2.62839 0.967447 13.509 11.1879
internal_count=3011 798 2213 537 507 30 261 215 2179 37 58 10 212 449
is_linear=0
shrinkage=0.05


Tree=7
num_leaves=15
num_cat=0
split_feature=36 45 4 48 16 10 4 4 24 49 44 14 11 2
split_gain=35.437 19.0737 14.17 10.0978 14.3224 9.97029 10.0053 9.05992 12.3499 10.7732 8.36067 12.3142 10.4549 10.2068
threshold=-0.098473247038726938 -0.051068016951881547 0.19763731531783366 0.10196280668241121 -0.1370556203404962 0.14984275658211096 -0.17727785135675464 -0.12622491459653098 0.062994450827986742 0.42102743716571833 0.14530473414569053 0.10007474196851511 0.16446850063165139 315.50000000000006
decision_type=2 2 2 2 2 2 2 2 2 2 2 2 2 2
left_child=2 10 7 5 -5 6 -3 8 -1 -10 11 13 -13 -2
right_child=1 3 -4 4 -6 -7 -8 -9 9 -11 -12 12 -14 -15
leaf_value=-0.05125726658403338 0.11274466565011405 0.11762734685110317 0.10978804801302269 0.57874052142729782 0.071102417562821624 0.13668552614125223 -0.038997833834925548 -0.040061564615885753 0.047883354959070992 0.28286987588003315 0.18699602185217853 -0.052187786379920865 0.13362694578083648 -0.051737709595960628
leaf_weight=2.9441712014377108 9.1280308756977337 1.1186939440667618 1.8220454286783923 0.15826810896396626 1.1381232738494862 1.0295019224286068 11.515932984650133 44.670338146388531 2.8187513407319789 0.58981427922844876 1.5942465420812357 3.1023626793175927 1.0013472363352773 1.0518541429191817
leaf_count=126 106 18 34 4 24 20 471 1973 69 11 16 93 8 38
internal_value=-0.00236794 0.0402248 -0.0272234 -0.000285414 0.133077 -0.0129382 -0.0251299 -0.0321161 0.0237538 0.0885452 0.0783945 0.0662731 -0.00684709 0.0957492
internal_weight=83.6835 30.8384 52.8451 14.9605 1.29639 13.6641 12.6346 51.0231 6.35274 3.40857 15.8778 14.2836 4.10371 10.1799
internal_count=3011 798 2213 537 28 509 489 2179 206 80 261 245 101 144
is_linear=0
shrinkage=0.05


Tree=8
num_leaves=15
num_cat=0
split_feature=0 49 33 2 2 45 51 50 10 48 22 0 22 0
split_gain=32.0508 18.268 15.7172 14.0883 11.5307 9.10864 8.132 9.7809 8.02246 7.71719 15.9291 24.9515 7.40917 7.90977
threshold=-2.3513958392476675 1.0000000180025095e-35 0.039001222887602979 64.500000000000014 215.50000000000003 -0.16088744809442382 0.038180207840434653 0.14764729564601595 0.086557560073430642 0.16402774949993881 0.11215484672575848 -2.4353450164993338 0.37059540358546161 -2.3790569828242583
decision_type=2 2 2 2 2 2 2 2 2 2 2 2 2 2
left_child=2 -2 6 8 -5 -4 7 -1 -3 12 -11 -12 -7 -14
right_child=1 3 5 4 -6 9 -8 -9 -10 10 11 -13 13 -15
leaf_value=0.091428485813133648 -0.029888658704166904 0.12169259899921121 0.05022922507947445 -0.031192784029921428 0.080342330832618769 -0.039902613224831546 -0.022608805965493958 0.45805334734317854 -0.054013295481846996 0.010452715179434992 -0.051106013614037875 1.174516920877311 -0.051109075360057925 0.73789716878238709
leaf_weight=2.7287244386970992 6.2780010160058763 9.3134624604135752 3.2518372368067494 4.6916046254336816 4.5787288267165422 48.477257918566465 1.6632795110344885 0.19491200707852829 0.69835608080029565 0.77634676732122798 0.084690872579813004 0.081476317718625069 0.063687806949019432 0.063371317461132004
leaf_count=64 236 79 82 161 64 2211 61 3 12 26 4 2 3 3
internal_value=-0.00237921 0.0441914 -0.0231223 0.0683109 0.0238957 -0.0308349 0.065656 0.115871 0.109437 -0.0361553 0.10555 0.54985 -0.0389032 0.342411
internal_weight=82.9457 25.5602 57.3856 19.2822 9.27033 52.7987 4.58692 2.92364 10.0118 49.5468 0.942514 0.166167 48.6043 0.127059
internal_count=3011 552 2459 316 225 2331 128 67 91 2249 32 6 2217 6
is_linear=0
shrinkage=0.05


Tree=9
num_leaves=15
num_cat=0
split_feature=36 45 4 26 36 30 17 15 33 8 34 9 14 49
split_gain=29.3173 14.3332 11.4665 8.21154 9.74691 9.92348 7.68214 10.5467 8.84712 8.45359 7.06404 7.33035 7.83514 7.10567
threshold=-0.098473247038726938 -0.051068016951881547 0.19763731531783366 -0.14581654745684761 -0.16847553351141067 -0.39818164876211298 0.1612815043729777 0.08821634349275799 0.066661318225443369 -0.021974705221588363 -0.15689304736484799 1.0000000180025095e-35 0.10421803131108943 0.30214745886348304
decision_type=2 2 2 2 2 2 2 2 2 2 2 2 2 2
left_child=2 10 3 4 -1 -6 -3 8 -8 -9 11 12 -2 -12
right_child=1 6 -4 -5 5 -7 7 9 -10 -11 13 -13 -14 -15
leaf_value=-0.053097214529604697 0.1535473820820864 -0.043424314450071624 0.088859206055081616 -0.036799604964728214 0.73123036846725442 0.097185874811001383 0.11282620752647182 0.015095642085367667 -0.041604135215827787 0.18405587221018621 0.020939386204121797 0.34384046808862262 -0.052358103244408795 0.092851941384550371
leaf_weight=1.4629777055233719 2.0270609948784148 6.1799955349415532 2.0764098204672328 44.86390514113009 0.063841376453637966 1.8495362326502789 1.1640369966626147 1.378952704370022 4.5624446254223585 1.5984625667333601 8.0849841553717869 0.37176069617271412 0.59839654155075539 5.9726840592920771
leaf_count=55 18 267 34 2095 2 27 28 37 190 15 155 3 17 68
internal_value=-0.00240618 0.0350606 -0.0261884 -0.0311404 0.0440568 0.118341 -0.000794292 0.0294741 -0.0102127 0.105804 0.0663514 0.136041 0.106617 0.0514929
internal_weight=82.2554 31.9388 50.3167 48.2403 3.37636 1.91338 14.8839 8.7039 5.72648 2.97742 17.0549 2.99722 2.62546 14.0577
internal_count=3011 798 2213 2179 84 29 537 270 218 52 261 38 35 223
is_linear=0
shrinkage=0.05


Tree=10
num_leaves=15
num_cat=0
split_feature=0 49 45 2 46 48 33 40 38 21 37 48 39 9
split_gain=26.6387 14.8402 13.5154 9.5061 8.56396 11.0807 7.78174 8.22113 7.57914 7.49165 7.24158 6.49147 7.70838 6.40576
threshold=-2.3513958392476675 -0.097805324035007662 -0.14571459290795238 66.500000000000014 0.10994180706338726 0.027869209680758362 0.031364370110139435 0.16482525727926403 -0.19554609300954981 1.0000000180025095e-35 0.027268925743347869 0.16402774949993881 0.22235724215127697 0.094446509012255916
decision_type=2 2 2 2 2 2 2 2 2 2 2 2 2 2
left_child=2 -2 10 -3 5 -5 7 -4 -7 -9 -1 -8 -13 -10
right_child=1 3 6 4 -6 8 11 9 13 -11 -12 12 -14 -15
leaf_value=0.095418308618218844 -0.051157457723008143 0.084608977952610728 -0.02825548158823343 -0.052099940750881917 0.11527897985614105 0.12606764384497704 -0.038899035335459103 0.18208466750567223 -0.052412982114458377 -0.051841110100594549 -0.026410565712123281 0.047052608057361493 0.54873579157917884 0.30637051106938923
leaf_weight=3.5130695160478345 3.8915358874946859 12.131875708699228 2.1082502398639913 4.8010872751474363 1.8968692775815714 2.0776808988302951 44.850077074021101 1.2638831268995998 1.3972800225019453 0.46937196329236019 1.8685139417648313 0.97197113931178936 0.0831148661673069 0.13656648993492115
leaf_count=60 189 123 70 158 23 20 2185 24 38 17 72 29 2 1
internal_value=-0.00239057 0.0389798 -0.0221518 0.0546104 0.019309 -0.00233027 -0.0302945 0.0380662 0.0638325 0.118737 0.0531187 -0.0360152 0.0865729 -0.0204686
internal_weight=81.4611 26.3329 55.1283 22.4414 10.3095 8.41261 49.7467 3.84151 3.61153 1.73326 5.38158 45.9052 1.05509 1.53385
internal_count=3011 552 2459 363 240 217 2327 111 59 41 132 2216 31 39
is_linear=0
shrinkage=0.05


Tree=11
num_leaves=15
num_cat=0
split_feature=36 2 0 4 4 24 24 30 24 20 47 44 46 22
split_gain=24.3802 11.449 10.1338 9.60048 7.84261 9.04509 6.87423 9.82331 6.54842 6.47833 7.02133 6.11626 8.60018 7.33592
threshold=-0.098473247038726938 29.000000000000004 -2.5122568395827165 0.19763731531783366 -0.12622491459653098 0.062994450827986742 0.072784774841844521 -0.49628099450200519 0.063471866448083586 -0.10160016503421583 0.071591102691956884 0.14530473414569053 0.10994180706338726 0.12082502218243298
decision_type=2 2 2 2 2 2 2 2 2 2 2 2 2 2
left_child=3 -2 9 4 5 -1 11 -8 -7 10 -3 12 13 -4
right_child=1 2 6 -5 -6 8 7 -9 -10 -11 -12 -13 -14 -15
leaf_value=-0.05110756165037901 -0.051097516609915461 -0.051232606149911965 -0.03094257533120779 0.074919355692976516 -0.038443636143433789 0.48712361632793999 0.68543123282455332 0.080915220963625856 0.060293630441986872 -0.051273743705564791 0.21433875428857149 0.11349923036750187 0.126632359394621 0.062231174867906018
leaf_weight=2.5555659886449567 3.7653061505407086 0.46503282152116276 6.527962965890767 2.2844986468553534 39.260611614212394 0.092107690870762204 0.067625544965266182 10.729457156732677 3.6823650673031807 4.0231988690793541 0.53546078503131866 1.9102536216378201 1.5347881764173497 3.1233047340065241
leaf_count=126 189 21 184 34 1973 1 1 125 79 182 4 21 19 52
internal_value=-0.00237783 0.0309137 0.0415924 -0.0251046 -0.0301167 0.0215294 0.0551646 0.0847015 0.0707095 -0.0229591 0.0909003 0.0308133 0.016693 -0.000790058
internal_weight=80.5575 32.6824 28.9171 47.8751 45.5907 6.33004 23.8934 10.7971 3.77447 5.02369 1.00049 13.0963 11.1861 9.65127
internal_count=3011 798 609 2213 2179 206 402 126 80 207 25 276 255 236
is_linear=0
shrinkage=0.05


Tree=12
num_leaves=15
num_cat=0
split_feature=36 2 2 38 4 4 24 46 18 13 9 19 7 2
split_gain=22.1338 10.3047 9.13371 9.16172 8.56294 7.37102 7.95155 7.13402 6.18473 6.08922 5.86731 5.12659 6.2707 5.11186
threshold=-0.098473247038726938 29.000000000000004 65.500000000000014 -0.19554609300954981 0.19763731531783366 -0.12622491459653098 0.062994450827986742 0.10994180706338726 0.024463759995671425 0.030657789566993575 -0.095851380625068761 0.1628800181172648 0.16245485490919356 215.50000000000003
decision_type=2 2 2 2 2 2 2 2 2 2 2 2 2 2
left_child=4 -2 -3 10 5 6 -1 -5 -8 -9 -4 12 -6 -12
right_child=1 2 3 7 11 -7 8 9 -10 -11 13 -13 -14 -15
leaf_value=-0.051052572033803902 -0.05104313375642916 0.0774995457443379 -0.053005406236719815 -0.016716929919215587 0.0022709717534402855 -0.037924201468295726 0.097471905711539311 0.23282876656988374 -0.0518896856237058 0.036698830304355876 -0.051642154248203335 0.25578407673609121 0.24140500226430273 0.12135335200944078
leaf_weight=2.4334818944334975 3.5853897240012875 10.021008506417276 0.72576137445867051 12.138666965067385 1.785599287599325 37.844529515132308 3.0705803390592341 0.50072006881236975 0.89512263610959042 1.8876314014196394 0.48355340771377342 0.31316091865301121 0.3238626942038535 3.6525706686079502
leaf_count=126 189 80 18 413 30 1973 48 3 32 40 18 2 2 37
internal_value=-0.00235889 0.0289847 0.038741 0.0187089 -0.0245203 -0.0295321 0.0200982 -0.00117473 0.0637586 0.0778177 0.07812 0.0670095 0.0389849 0.101128
internal_weight=79.6616 32.9953 29.4099 19.3889 46.6663 44.2437 6.39918 14.527 3.9657 2.38835 4.86189 2.42262 2.10946 4.13612
internal_count=3011 798 609 529 2213 2179 206 456 80 43 73 34 32 55
is_linear=0
shrinkage=0.05


Tree=13
num_leaves=15
num_cat=0
split_feature=36 2 0 4 4 24 20 47 18 24 30 40 49 18
split_gain=20.1737 9.32334 7.87858 7.71665 6.92844 7.0953 5.89878 5.65253 5.23656 5.21181 5.54691 5.31633 8.8824 6.80143
threshold=-0.098473247038726938 29.000000000000004 -2.5122568395827165 0.19763731531783366 -0.12622491459653098 0.062994450827986742 -0.10160016503421583 0.071591102691956884 0.024463759995671425 0.072784774841844521 -0.43185732230119189 0.16079978038770623 0.25242282022411239 0.10687063952313176
decision_type=2 2 2 2 2 2 2 2 2 2 2 2 2 2
left_child=3 -2 6 4 5 -1 7 -3 -7 11 -11 -4 -13 -14
right_child=1 2 9 -5 -6 8 -8 -9 -10 10 -12 12 13 -15
leaf_value=-0.051000357508856377 -0.050991491636927434 -0.051169636654527541 -0.0093234727823904677 0.061215579226165197 -0.037395008975595605 0.087411941138816771 -0.051200394837596745 0.18479956767291916 -0.051797114522953186 0.29018961472429677 0.066649499736581561 0.019528019065082662 0.10981811725790097 0.40517884398424564
leaf_weight=2.3171096350997678 3.4138952512294045 0.44483273290097691 5.87543040700257 2.510654740035533 36.495480945333838 3.2478422857820988 3.7863234169781235 0.59092862717807293 0.85295031033456314 0.28451738506555457 11.269094256684182 5.3800415080040693 1.970934169366956 0.21630094200372685
leaf_count=126 189 21 146 34 1973 48 182 4 32 2 124 99 29 2
internal_value=-0.00232658 0.027278 0.0362391 -0.0239853 -0.02897 0.0189387 -0.0222766 0.0834569 0.058457 0.0475274 0.0721544 0.0263613 0.0540679 0.139027
internal_weight=78.6563 33.2323 29.8184 45.424 42.9134 6.4179 4.82208 1.03576 4.10079 24.9963 11.5536 13.4427 7.56728 2.18724
internal_count=3011 798 609 2213 2179 206 207 25 80 402 126 276 130 31
is_linear=0
shrinkage=0.05


Tree=14
num_leaves=15
num_cat=0
split_feature=0 45 49 33 43 2 6 33 38 40 48 22 9 44
split_gain=18.6785 10.5809 9.92937 6.24663 5.74897 5.47495 5.94153 6.63814 6.39036 5.38862 5.3867 5.49692 8.40763 5.40554
threshold=-2.3513958392476675 -0.14571459290795238 -0.097805324035007662 0.031364370110139435 -0.02231993101051152 66.500000000000014 -0.18263839119579137 0.20714687046443372 -0.05521595550146511 0.16482525727926403 0.16402774949993881 0.37059540358546161 -0.053653852363336869 -0.039777901554379928
decision_type=2 2 2 2 2 2 2 2 2 2 2 2 2 2
left_child=1 4 -2 9 -1 -4 -7 8 -8 -3 11 -5 -13 -12
right_child=2 3 5 10 -6 6 7 -9 -10 -11 13 12 -14 -15
leaf_value=-0.051381560301871292 -0.050965498245565503 -0.027483785250108434 0.063178279532473972 -0.038520616902705841 0.070977261125641386 -0.038626799540596814 0.091754891951768475 -0.051792907049727069 -0.052422817855008325 0.087143097716161633 0.24586733900934854 -0.051938685791279207 0.67016939769731521 0.0043145669428590848
leaf_weight=1.2272057048976419 3.2439822237938669 2.0275684781372538 13.557020263746383 39.573014787398279 4.4084807839244595 3.4551903903484371 4.5185637213289764 1.49252756498754 0.92605359293519729 2.0741011407226324 0.32365064136683941 0.096372921019792557 0.069292441010474159 0.81441797874867805
leaf_count=51 189 70 123 2179 81 108 47 58 27 41 4 3 3 27
internal_value=-0.00229444 -0.0202511 0.0311277 -0.0283433 0.0443329 0.0422474 0.0149426 0.041624 0.0672323 0.0304799 -0.0342458 -0.0373174 0.250096 0.0730088
internal_weight=77.8074 50.6141 27.1933 44.9784 5.63569 23.9494 10.3923 6.93714 5.44462 4.10167 40.8767 39.7387 0.165665 1.13807
internal_count=3011 2459 552 2327 132 363 240 132 74 111 2216 2185 6 31
is_linear=0
shrinkage=0.05


Tree=15
num_leaves=15
num_cat=0
split_feature=0 12 49 26 7 50 22 12 34 26 45 8 14 38
split_gain=16.979 9.99649 8.97333 8.73859 7.15387 11.0169 6.31743 6.29087 5.99075 5.79889 5.20157 8.36841 12.2251 5.17573
threshold=-2.3513958392476675 -0.2816172691093291 -0.097805324035007662 -0.042121695581362799 0.14859856986498729 0.20599409155536949 0.37059540358546161 -0.28002800840280095 -0.065065044636002226 -0.055385072991727999 -0.15599057847684075 -0.18407197948047699 0.19818992588811288 -0.20177526857016023
decision_type=2 2 2 2 2 2 2 2 2 2 2 2 2 2
left_child=1 -1 -2 4 5 10 7 8 -5 -6 -3 12 -12 -9
right_child=2 3 -4 6 9 -7 -8 13 -10 -11 11 -13 -14 -15
leaf_value=-0.041486266622793325 -0.050917870871211524 0.084480708326420767 0.039569710397356156 -0.050890209547218304 0.073704632050817481 0.63758004183055061 0.32008354937000988 0.047538795020513398 0.30662990532439821 0.30865456364122457 0.11363939018950205 -0.018223384968864702 0.96496456079439263 -0.043088901938351812
leaf_weight=25.556605331599712 3.0885848589241531 2.2405642494559261 24.260115683078766 0.20499537512660027 0.73729928396642208 0.072618577629328551 0.13409630209207613 1.8180657168850274 0.27349516563117404 0.4079257147386659 0.29434552602469732 5.9170943330973431 0.049221659079194069 11.802806473337112
leaf_count=1456 189 25 363 12 13 4 3 50 3 4 9 250 3 627
internal_value=-0.00226892 -0.0197355 0.0293506 0.00347196 0.0400195 0.0243417 -0.0214839 -0.0247324 0.153461 0.157393 0.0191033 -0.00429397 0.235606 -0.0309922
internal_weight=76.8578 49.5091 27.3487 23.9525 9.71907 8.57384 14.2335 14.0994 0.478491 1.14522 8.50123 6.26066 0.343567 13.6209
internal_count=3011 2459 552 1003 308 291 695 692 15 17 287 262 12 677
is_linear=0
shrinkage=0.05


Tree=16
num_leaves=15
num_cat=0
split_feature=36 2 4 4 24 2 38 46 3 34 33 30 30 49
split_gain=15.7376 7.32078 6.59599 6.08198 5.87222 5.87215 6.24797 5.41799 4.53036 4.84089 4.30881 5.42591 5.21464 4.30163
threshold=-0.098473247038726938 29.000000000000004 0.19763731531783366 -0.12622491459653098 0.062994450827986742 65.500000000000014 -0.19554609300954981 0.10994180706338726 208.50000000000003 -0.17327972802237299 0.039001222887602979 -0.50713550275050256 -0.52151744874503525 0.42102743716571833
decision_type=2 2 2 2 2 2 2 2 2 2 2 2 2 2
left_child=2 -2 3 4 -1 8 -7 10 9 -3 -8 12 -12 -6
right_child=1 5 -4 -5 13 6 7 -9 -10 -11 11 -13 -14 -15
leaf_value=-0.050938067492287943 -0.050884830955529314 0.10754079789385768 0.0538616051622062 -0.036141324693460326 0.023944043511583898 0.060682987081808137 0.042372629214938742 0.063422047356434683 0.096379554329453054 0.0057241605441501562 -0.050914602979119927 -0.041843750263513432 0.25200063559174113 0.14439021117470677
leaf_weight=2.1159408213570705 3.0321192294359198 1.5644511356949804 2.6500971280038348 33.423926906660199 3.3043216280639172 5.3022749880328801 2.4346652198582879 2.5457570776343337 4.7912721373140812 4.6000817269086856 0.25681670941412449 8.8859903588891012 0.31800185143947501 0.95568633824586857
leaf_count=126 189 8 34 1973 69 73 47 43 29 43 15 349 2 11
internal_value=-0.00226087 0.023233 -0.0225187 -0.0276045 0.017147 0.0305535 0.0142637 -0.00277967 0.0599093 0.0315635 -0.0169475 -0.0322131 0.116665 0.0509648
internal_weight=76.1814 33.7314 42.45 39.7999 6.37595 30.6993 19.7435 14.4412 10.9558 6.16453 11.8955 9.46081 0.574819 4.26001
internal_count=3011 798 2213 2179 206 609 529 456 80 51 413 366 17 80
is_linear=0
shrinkage=0.05


Tree=17
num_leaves=15
num_cat=0
split_feature=26 48 24 18 37 26 37 11 9 24 4 51 6 6
split_gain=14.7277 9.91341 8.42526 8.28825 6.24994 7.78886 6.13409 5.48284 23.6106 5.43195 5.91373 5.33396 5.16337 4.98552
threshold=-0.051031166087261069 0.12546592236621354 0.072784774841844521 -0.059015287443304136 -0.054064147061194334 -0.25877360703049551 0.26832468106586055 0.056077423362879242 -0.20421685354465005 0.17723931285638056 -0.13443341775781525 0.090862206373195462 -0.27548839165676897 -0.082584216471852268
decision_type=2 2 2 2 2 2 2 2 2 2 2 2 2 2
left_child=2 3 4 6 5 -1 -2 -6 -9 -5 -11 -4 -3 -7
right_child=1 12 11 9 7 13 -8 8 -10 10 -12 -13 -14 -15
leaf_value=0.53379646707552941 0.019415634355359094 0.14911027448151781 0.061342899996947989 -0.04058504465461539 -0.039938285612943547 -0.0043933440281934202 0.3929661485667153 1.2770566551300651 0.019151455613091128 0.14008070624451793 -0.050995212406552019 -0.051822005399087871 0.018493783528813822 0.12467577777279307
leaf_weight=0.085173577070236539 6.1507848910987368 1.1286630704998972 13.29328970890492 33.892729132436216 8.3009959394112247 1.8053003400564198 0.11189767252653826 0.037648507393896469 4.0728355254977933 0.88655602931976318 0.74540709052234777 1.1297726687043894 2.2953413799405089 1.2777030598372208
leaf_count=2 220 13 183 1914 362 61 3 2 93 4 42 49 51 12
internal_value=-0.00221947 -0.0202432 0.0249406 -0.0269452 -0.000552956 0.0621281 0.02609 -0.016553 0.0306728 -0.0362948 0.0528059 0.0524786 0.0615492 0.0490974
internal_weight=75.2141 45.2114 30.0027 41.7874 15.5797 3.16818 6.26268 12.4115 4.11048 35.5247 1.63196 14.4231 3.424 3.083
internal_count=3011 2247 764 2183 532 75 223 457 95 1960 46 232 64 73
is_linear=0
shrinkage=0.05


Tree=18
num_leaves=15
num_cat=0
split_feature=36 2 4 4 24 0 20 47 39 17 34 16 19 7
split_gain=13.4657 6.26595 6.08084 5.51023 5.0547 4.60243 4.99903 3.8951 3.88213 3.80103 4.32143 3.7076 3.51591 3.54541
threshold=-0.098473247038726938 29.000000000000004 0.19763731531783366 -0.12622491459653098 0.062994450827986742 -2.5122568395827165 -0.10160016503421583 0.071591102691956884 -0.18883381633787896 0.219337145196775 -0.12632287192792047 -0.26214670441196491 0.1169411973817639 0.11100415410322949
decision_type=2 2 2 2 2 2 2 2 2 2 2 2 2 2
left_child=2 -2 3 4 -1 6 7 -3 -5 10 -6 -7 13 -4
right_child=1 5 12 8 9 11 -8 -9 -10 -11 -12 -13 -14 -15
leaf_value=-0.050875328148902554 -0.050808094910212001 -0.051018078248372734 -0.054214056081217737 0.17802929128579334 -0.05851998035762912 -0.054793074253507705 -0.051059003694711003 0.14792720667338402 -0.036725339899350749 -0.022829695259722074 0.10366165142627126 0.039211360127930889 0.15013707662804332 0.078117214814111866
leaf_weight=1.9685455076396454 2.7764147808775297 0.39085651654750087 0.92566923424601544 0.21185784135014074 0.49095827713608775 1.0938060292974139 3.2502886597067144 0.66399730183184147 31.404512569308281 1.3901293631643055 2.5137593746185303 25.55247874930501 0.67001977935433377 1.1168306767940519
leaf_count=126 189 21 15 5 10 23 182 4 1968 42 28 379 4 15
internal_value=-0.00221353 0.021148 -0.0215768 -0.0267422 0.0157091 0.0276026 -0.0203649 0.0742117 -0.0352863 0.0455336 0.0771619 0.0353526 0.0507477 0.0181441
internal_weight=74.4201 33.7278 40.6923 37.9798 6.36339 30.9514 4.30514 1.05485 31.6164 4.39485 3.00472 26.6463 2.71252 2.0425
internal_count=3011 798 2213 2179 206 609 207 25 1973 80 38 402 34 30
is_linear=0
shrinkage=0.05


Tree=19
num_leaves=15
num_cat=0
split_feature=26 18 24 48 23 37 21 50 12 15 20 51 11 11
split_gain=12.6733 8.53416 7.08168 7.0501 5.32417 5.30085 5.17302 4.99683 15.5809 8.0043 4.98566 6.0885 4.86731 7.13015
threshold=-0.051031166087261069 -0.059015287443304136 0.072784774841844521 0.12546592236621354 0.03959041559698908 -0.054064147061194334 0.044280808119087266 0.098058280054820798 -0.3258485721856697 0.14342438771891938 -0.061677162779377973 0.05872228379390982 0.056077423362879242 0.057660342232226568
decision_type=2 2 2 2 2 2 2 2 2 2 2 2 2 2
left_child=2 4 5 10 7 6 -1 9 -9 -2 11 -3 -7 -14
right_child=1 3 -4 -5 -6 12 -8 8 -10 -11 -12 -13 13 -15
leaf_value=-0.018208110257330615 -0.051402246548083654 -0.051984329587639017 0.04746858999511297 0.050461093856734945 -0.034511385474538858 -0.039353135662710356 0.10873302324844321 1.0628326300278899 0.11259657506243979 0.092503645465195489 -0.042688912913867658 0.073047493094364077 0.19325706729676706 0.0017429912027158607
leaf_weight=1.3856616588309401 1.6825948664918535 1.7596961967647069 14.754880322143434 2.5597765231505027 2.2458670185878873 7.9185433425009268 1.9071942912414668 0.044899254105985054 1.1003966899588702 2.2697918452322483 29.5040960945189 2.1797536350786686 0.55987330246716727 3.6833837712183595
leaf_count=48 86 87 232 53 103 362 27 3 23 19 1818 55 10 85
internal_value=-0.00216777 -0.0194937 0.0226928 -0.0295134 0.0296298 -0.000961213 0.0553151 0.0578883 0.149849 0.0312406 -0.0356346 0.0171976 -0.0161983 0.0270122
internal_weight=73.5564 43.3469 30.2095 36.0033 7.34355 15.4547 3.29286 5.09768 1.1453 3.95239 33.4435 3.93945 12.1618 4.24326
internal_count=3011 2247 764 2013 234 532 75 131 26 105 1960 142 457 95
is_linear=0
shrinkage=0.05


Tree=20
num_leaves=15
num_cat=0
split_feature=12 19 26 0 17 20 43 34 10 17 22 11 47 30
split_gain=11.6719 7.236 6.87849 6.59608 5.48251 7.80979 6.27597 15.5626 7.11633 5.74666 4.86849 5.07795 5.05097 4.03282
threshold=-0.29147500990843528 0.0559019041570901 -0.051031166087261069 -2.2748460573811693 0.30903663577830326 -0.10160016503421583 0.076139238505705115 -0.19381463659732898 0.078567490297480572 0.1612815043729777 0.37059540358546161 0.081862237262142937 -0.029630579586823347 -1.0000000180025095e-35
decision_type=2 2 2 2 2 2 2 2 2 2 2 2 2 2
left_child=3 2 -2 -1 6 -6 8 -8 10 -9 11 12 -3 -7
right_child=1 4 -4 -5 5 13 7 9 -10 -11 -12 -13 -14 -15
leaf_value=-0.039265535524260382 0.018963304982886984 -0.040108579907238706 -0.033303894433400476 0.068193247057167714 0.10278935955996407 -0.038723815052985923 0.99333579274670214 -0.018985979166537062 -0.054655023720980446 0.11686999660556929 0.36391889228606117 0.085466335406769289 0.05172697309346555 0.10465186564181024
leaf_weight=21.068062693811957 12.385876742191614 2.586824254132809 12.799704422242938 1.5318797007203091 1.4099523378536103 5.9889857461676002 0.047859687358140834 0.99809320736676355 2.1541711892932645 3.5361787844449282 0.11851634830236513 3.994982791133225 3.5546947587281483 0.53420101664960284
leaf_count=1393 273 95 691 14 22 263 2 20 70 33 1 47 83 4
internal_value=-0.00215179 0.0113017 -0.0075997 -0.0319817 0.0304011 -0.00391814 0.0464246 0.096432 0.0279591 0.0869651 0.0453131 0.0415879 0.0130456 -0.0269824
internal_weight=72.71 50.11 25.1856 22.5999 24.9245 7.93314 16.9913 4.58213 12.4092 4.53427 10.255 10.1365 6.14152 6.52319
internal_count=3011 1604 964 1407 640 289 351 55 296 53 226 225 178 267
is_linear=0
shrinkage=0.05


Tree=21
num_leaves=15
num_cat=0
split_feature=36 4 27 4 33 10 24 38 21 34 0 2 33 35
split_gain=10.8899 5.28221 5.21042 5.01647 5.25023 11.1299 4.89088 4.78127 5.65367 5.6031 3.79038 3.64674 3.55794 3.506
threshold=-0.098473247038726938 0.19763731531783366 0.34939971165823985 -0.11226241503068045 0.37603401815997611 -0.048224380022217773 0.083992497006198999 -0.065688733207310765 -0.099258559209656275 -0.18822293447718252 -2.5357353456959664 396.50000000000006 1.0000000180025095e-35 -0.12769722661126345
decision_type=2 2 2 2 2 2 2 2 2 2 2 2 2 2
left_child=1 3 7 4 6 -6 -1 10 -9 -10 -2 -5 -13 -12
right_child=2 -3 -4 11 5 -7 -8 8 9 -11 13 12 -14 -15
leaf_value=-0.05089113205998063 -0.050916815520506836 0.046184710079110576 -0.051126301794433796 -0.038206119495863902 0.83974394045996825 0.081543505766289451 0.034805303423577148 0.076900393999728145 0.08690254407933988 -0.044635743650821784 0.0083595172654256696 0.16704679597716721 -0.050838420559913722 0.053630924866244489
leaf_weight=2.7568282168358555 1.1809853082522774 2.7649924494326106 2.4794709496200076 27.339578296057883 0.055996716022491455 0.35687946807593096 4.2037551337853074 1.6103999046608803 0.93471230007707973 6.0478520011529353 5.9132959805429044 0.43232665397226711 0.33066916838288307 15.451882067136461
leaf_count=188 74 34 161 1866 1 11 87 17 20 272 92 4 22 162
internal_value=-0.00212832 -0.0203784 0.0186311 -0.0255663 0.0111398 0.184375 0.000864132 0.0241856 -0.00755049 -0.0270275 0.0362811 -0.0351972 0.0726191 0.041101
internal_weight=71.8596 38.241 33.6186 35.476 7.37346 0.412876 6.96058 31.1391 8.59296 6.98256 22.5462 28.1026 0.762996 21.3652
internal_count=3011 2213 798 2179 287 12 275 637 309 292 328 1892 26 254
is_linear=0
shrinkage=0.05


Tree=22
num_leaves=15
num_cat=0
split_feature=12 19 26 0 17 20 43 33 10 48 30 6 14 16
split_gain=10.2748 6.17356 5.94385 5.84293 4.58649 6.63325 5.01041 6.44425 6.24777 4.36897 4.34441 4.12682 3.7309 12.0957
threshold=-0.29147500990843528 0.0559019041570901 -0.051031166087261069 -2.2748460573811693 0.30903663577830326 -0.10160016503421583 0.076139238505705115 0.35938822595490488 0.078567490297480572 -0.17253383681581039 -0.34343202462476707 -0.14720329332884333 0.27090313148438477 -0.18380161421273458
decision_type=2 2 2 2 2 2 2 2 2 2 2 2 2 2
left_child=3 2 12 -1 6 -6 8 9 10 -8 -3 -12 -2 -14
right_child=1 4 -4 -5 5 -7 7 -9 -10 -11 11 -13 13 -15
leaf_value=-0.03848034292469163 0.013625504649565022 -0.051173535984735244 -0.032271103768758448 0.062678311372448892 0.091224781009079159 -0.026495216002711347 0.37567562174725971 0.32860064322859822 -0.054543890395328531 0.063981002913996762 0.028940476792469597 0.09968950684595751 0.85910362387980221 -0.051019667332784374
leaf_weight=19.74403917230666 12.411946562118828 1.132561177015307 12.160412906669078 1.5387071995064605 1.4788404898717997 6.2710464922711244 0.11537965387105931 0.25865755230188359 2.0343174366280428 4.3891904214397064 6.1725107068195948 3.0945163080468783 0.054885785095393658 0.10902038495987731
leaf_count=1393 265 63 691 14 22 267 1 4 70 50 118 45 2 6
internal_value=-0.00209827 0.0103537 -0.00734632 -0.0311667 0.0279043 -0.00403178 0.0422963 0.0859008 0.0255921 0.0719647 0.0412679 0.0525655 0.0167551 0.253745
internal_weight=70.966 49.6833 24.7363 21.2827 24.947 7.74989 17.1971 4.76323 12.4339 4.50457 10.3996 9.26703 12.5759 0.163906
internal_count=3011 1604 964 1407 640 289 351 55 296 51 226 163 273 8
is_linear=0
shrinkage=0.05


Tree=23
num_leaves=15
num_cat=0
split_feature=36 27 4 4 2 33 38 21 34 50 45 0 14 2
split_gain=9.622 4.63931 4.61766 4.64641 4.57345 6.55431 4.07461 4.94667 4.96777 3.36464 3.36107 3.2863 3.22681 3.22432
threshold=-0.098473247038726938 0.34939971165823985 0.19763731531783366 -0.11226241503068045 78.500000000000014 0.37603401815997611 -0.065688733207310765 -0.099258559209656275 -0.18822293447718252 -0.085790060772094792 -0.089279282669630963 -2.5357353456959664 0.054626287318381005 396.50000000000006
decision_type=2 2 2 2 2 2 2 2 2 2 2 2 2 2
left_child=2 6 3 4 5 10 11 -8 -9 -6 -1 -2 -12 -5
right_child=1 -3 -4 13 9 -7 7 8 -10 -11 12 -13 -14 -15
leaf_value=0.088733261144612607 -0.050862896451450312 -0.05106855054468265 0.041220913278115924 -0.037549503437154484 0.076521842653674954 0.27611448100691682 0.070048054077150909 0.078054512576048535 -0.044266096495424179 -0.050915420003933155 0.088202592575730071 0.037691850697932135 -0.053950175936378346 0.064887974688806083
leaf_weight=1.4173805071040995 1.1009576497599507 2.3057087808847418 2.868912559002637 25.880058053880933 0.62509183119982514 0.2948646768927573 1.6524908188730476 0.97069838456809421 5.7284774221479919 3.0217580907046795 0.56293994188308616 21.643923976458609 1.3725909683853386 0.79167324211448331
leaf_count=10 74 161 34 1866 11 2 17 20 272 192 3 254 69 26
internal_value=-0.00207001 0.017364 -0.0196928 -0.0248377 0.0105236 0.050109 0.022438 -0.00743039 -0.0265421 -0.0290719 0.0302334 0.0334054 -0.0126057 -0.0345089
internal_weight=70.2375 33.4023 36.8353 33.9664 7.29463 3.64778 31.0965 8.35167 6.69918 3.64685 3.35291 22.7449 1.93553 26.6717
internal_count=3011 798 2213 2179 287 84 637 309 292 203 82 328 72 1892
is_linear=0
shrinkage=0.05


Tree=24
num_leaves=15
num_cat=0
split_feature=12 19 0 26 17 20 43 10 17 30 30 6 49 33
split_gain=9.05507 5.31209 5.14683 5.13109 3.85978 5.77929 4.12183 5.59901 5.23595 3.72318 3.5224 3.43328 3.37091 8.19524
threshold=-0.29147500990843528 0.0559019041570901 -2.2748460573811693 -0.051031166087261069 0.30903663577830326 -0.10160016503421583 0.076139238505705115 0.078567490297480572 0.1612815043729777 -0.34343202462476707 -1.0000000180025095e-35 -0.14720329332884333 0.43855180904542163 0.3517829133815818
decision_type=2 2 2 2 2 2 2 2 2 2 2 2 2 2
left_child=2 3 12 -2 6 -6 7 9 -8 -3 -7 -11 -1 -14
right_child=1 4 -4 -5 5 10 8 -9 -10 11 -12 -13 13 -15
leaf_value=-0.050746954114574631 0.014704619897047595 -0.051120986227491338 0.057565699923849169 -0.031296200566836178 0.082975424326617545 -0.03774236064494451 -0.023316447820659999 -0.054578467191866015 0.10374241098481665 0.026151220385261433 0.095472123634018774 0.08983573682021595 -0.028397346297815974 0.15626431223062831
leaf_weight=13.457235527224844 12.755943764001133 1.0587822999805236 1.5355807580053795 11.551829019561408 1.5267770718783138 5.543839655816555 1.0231575500220049 1.9445709837600578 3.9070069678127766 6.2376102581620225 0.54500488005578418 3.2030759919434795 4.3258523307740679 0.69773478992283333
leaf_count=1032 273 63 14 691 22 263 20 70 35 118 4 45 331 30
internal_value=-0.00203026 0.00948531 -0.0303915 -0.00715644 0.0256729 -0.00400753 0.0386826 0.0233537 0.0773739 0.0377872 -0.0258185 0.0477584 -0.0376999 -0.00274937
internal_weight=69.314 49.2976 20.0164 24.3078 24.9898 7.61562 17.3742 12.444 4.93016 10.4995 6.08884 9.44069 18.4808 5.02359
internal_count=3011 1604 1407 964 640 289 351 296 55 226 267 163 1393 361
is_linear=0
shrinkage=0.05


Tree=25
num_leaves=15
num_cat=0
split_feature=12 40 24 3 29 4 4 2 2 32 50 50 48 2
split_gain=8.42666 5.03014 7.68786 7.23804 8.35057 5.05368 4.91721 5.1669 4.12614 3.79002 3.76086 5.67927 3.57573 3.17405
threshold=-0.29147500990843528 0.16079978038770623 0.076363514844275879 409.50000000000006 0.097883073014808281 0.095130481433605626 -0.11226241503068045 78.500000000000014 358.50000000000006 0.1148444038466462 0.20599409155536949 0.21339904811017044 -0.16649210501538053 44.500000000000007
decision_type=2 2 2 2 2 2 2 2 2 2 2 2 2 2
left_child=6 2 5 4 12 8 7 9 -2 -1 -5 -12 -4 -14
right_child=1 -3 3 10 -6 -7 -8 -9 -10 -11 11 -13 13 -15
leaf_value=0.106830108566388 -0.04368528766206272 0.030556996016476684 -0.05948345140688293 -0.051324897190437979 0.32529903257151921 0.031454002490893279 -0.042039086790972888 -0.050818214747851642 0.085374149636428379 -0.050747672693043026 0.43953584566125131 -0.051737913070522161 -0.055121900004649144 0.055283738355414197
leaf_weight=1.6861587837338481 13.614606433548037 17.470033073797822 0.85858242679387231 3.2952287029474969 0.25968097895383913 3.2293025366961947 15.722219834104179 1.4426350081339476 0.64881802070885974 0.49319871701300133 0.10081585496664036 0.14125151094049215 0.70323011279105863 8.7626262204721552
leaf_count=22 808 385 10 189 3 55 1244 103 14 38 1 5 27 107
internal_value=-0.00198995 0.00902505 -0.00287354 0.0245688 0.0452631 -0.025027 -0.0299395 0.022582 -0.0378146 0.0711695 -0.0373515 0.152867 0.0382196 0.0470816
internal_weight=68.4284 49.0842 31.6141 14.1214 10.5841 17.4927 19.3442 3.62199 14.2634 2.17936 3.5373 0.242067 10.3244 9.46586
internal_count=3011 1604 1219 342 147 877 1407 163 822 60 195 6 144 134
is_linear=0
shrinkage=0.05


Tree=26
num_leaves=15
num_cat=0
split_feature=36 27 18 33 21 33 11 37 43 2 50 6 48 38
split_gain=7.96785 3.98079 3.9256 7.43603 17.6298 4.19574 4.09823 5.81696 4.96759 4.83935 4.62352 3.79081 3.47823 3.34056
threshold=-0.098473247038726938 0.34939971165823985 -0.090571536136364456 0.32767927759298471 -0.046625323042097939 0.32884333231258617 -0.051434584978105942 -0.054064147061194334 0.085621710449806029 49.500000000000007 0.056077423362879242 -0.098473247038726938 -0.092819973742714251 -0.065688733207310765
decision_type=2 2 2 2 2 2 2 2 2 2 2 2 2 2
left_child=2 13 3 11 -5 -6 7 -4 -9 12 -10 -1 -8 -2
right_child=1 -3 6 4 5 -7 9 8 10 -11 -12 -13 -14 -15
leaf_value=-0.050819598571734285 0.02994948098481311 -0.051016266289158098 0.093093361056920954 1.2141947448647905 0.39556461184179581 0.050592708225865181 -0.052136706631022434 -0.033821125066598727 -0.050666393333157561 -0.042232204295748026 0.16882842219071764 0.063918555804145585 0.083681127583307729 -0.0074907671430293303
leaf_weight=1.6636422770097856 22.797041483223438 2.0976701043546191 1.5618896614760158 0.039483800530433655 0.11042423546314228 0.43679561745375395 0.71509606018662486 5.361799348145726 0.38418167270719983 21.049784009344876 0.63892100937664509 1.2689697425812474 1.3832207638770366 8.0655809352174419
leaf_count=118 328 161 41 1 1 18 39 312 31 1611 9 22 10 309
internal_value=-0.00195988 0.0156348 -0.0187138 0.031337 0.193828 0.120205 -0.0243786 0.00660171 -0.0145561 -0.0350142 0.0864067 -0.00117128 0.0373951 0.0201649
internal_weight=67.5745 32.9603 34.6142 3.51932 0.586704 0.54722 31.0949 7.94679 6.3849 23.1481 1.0231 2.93261 2.09832 30.8626
internal_count=3011 798 2213 160 20 19 2053 393 352 1660 40 140 49 637
is_linear=0
shrinkage=0.05


Tree=27
num_leaves=15
num_cat=0
split_feature=12 4 2 19 26 26 14 34 43 29 17 20 32 10
split_gain=7.45364 4.66804 4.66504 4.38955 4.20432 4.29907 4.18031 4.23407 3.74915 3.49611 3.37023 5.30763 3.25002 3.21587
threshold=-0.29147500990843528 -0.11226241503068045 78.500000000000014 0.05100638181207761 -0.054393007864820576 -0.054951696032370982 0.11413570382167498 -0.17168952802890272 0.11038499479327894 -0.093301243212949345 0.30903663577830326 -0.10160016503421583 0.1148444038466462 0.021842827020717551
decision_type=2 2 2 2 2 2 2 2 2 2 2 2 2 2
left_child=1 2 12 4 5 6 7 -2 -9 -5 13 -12 -1 -11
right_child=3 -3 -4 9 -6 -7 -8 8 -10 10 11 -13 -14 -15
leaf_value=0.10029176820131427 0.10257511401437663 -0.041470638726586379 -0.050754662926131282 -0.051842806698891047 -0.030242017175779214 0.28266856892256947 -0.042219420341381625 -0.0055576817353771794 0.086672718508491522 0.054108126958298197 0.082512496402308899 -0.024238532803720358 -0.050683786328093609 0.0077968848467997289
leaf_weight=1.6942868875339661 1.5121239889413098 14.765240063890813 1.3263401985168455 1.4896481763571525 10.830892207100986 0.14559708535671489 2.9617587001994243 6.1812341986224055 1.340879484079778 11.55127988941968 1.4709811573848126 5.5864435518160453 0.45144074503332365 5.5494614290073505
leaf_count=22 11 1244 103 66 682 1 119 104 10 182 18 253 38 158
internal_value=-0.00194501 -0.0292038 0.0229616 0.00827969 -0.00759454 0.0126081 0.00933035 0.0262303 0.0108832 0.0224981 0.0270821 -0.00198838 0.0685279 0.0390794
internal_weight=66.8576 18.2373 3.47207 48.6203 22.9725 12.1416 11.996 9.03424 7.52211 25.6478 24.1582 7.05742 2.14573 17.1007
internal_count=3011 1407 163 1604 927 245 244 125 114 677 611 271 60 340
is_linear=0
shrinkage=0.05


Tree=28
num_leaves=15
num_cat=0
split_feature=36 4 4 27 24 18 38 21 34 21 0 22 43 11
split_gain=7.0058 3.81585 3.65168 3.53779 3.28156 2.97159 2.93122 3.94746 4.2776 2.78397 2.58848 2.92083 2.50197 6.13313
threshold=-0.098473247038726938 0.19763731531783366 -0.11226241503068045 0.34939971165823985 0.056614069803398219 0.024463759995671425 -0.065688733207310765 -0.099258559209656275 -0.18822293447718252 0.042258167528406269 -2.5357353456959664 0.19259588533600977 0.085621710449806029 -0.051434584978105942
decision_type=2 2 2 2 2 2 2 2 2 2 2 2 2 2
left_child=1 2 4 6 -1 9 10 -8 -9 -6 -2 -12 -4 -14
right_child=3 -3 12 -5 5 -7 7 8 -10 -11 11 -13 13 -15
leaf_value=-0.050685730931563755 -0.050825045595382756 0.036252925540219111 -0.039139850806542614 -0.050948708244191836 0.063379343213509159 -0.051611985731568714 0.060479492489433795 0.069077174011447251 -0.04385206259483939 -0.056413501975377769 0.038138094287308168 -0.01717807413346634 0.092503093228628874 -0.050742179960662472
leaf_weight=1.7288505909964467 1.0043656155467058 2.9412070959806433 20.326296174898747 1.9436813006177533 3.5880967937409878 0.93204061128199089 1.6793885892257092 0.99754657689481963 5.2609841516241458 0.56080424319952715 19.197457234375182 2.7251545703038564 1.2863495498895647 1.7829785645008076
leaf_count=151 74 34 1703 161 60 51 17 20 272 25 223 31 42 147
internal_value=-0.00190041 -0.0181129 -0.0234066 0.0144791 0.00881697 0.0290635 0.0185993 -0.00758747 -0.0258523 0.047187 0.0276659 0.0312619 -0.032786 0.00929164
internal_weight=65.9552 33.1466 30.2054 32.8086 6.80979 5.08094 30.8649 7.93792 6.25853 4.1489 22.927 21.9226 23.3956 3.06933
internal_count=3011 2213 2179 798 287 136 637 309 292 85 328 254 1892 189
is_linear=0
shrinkage=0.05


Tree=29
num_leaves=15
num_cat=0
split_feature=12 4 40 24 3 4 2 29 2 10 23 28 32 50
split_gain=6.56826 4.2389 4.07292 6.11362 5.74271 4.41614 4.05204 3.87475 3.44523 3.06479 3.17049 3.09691 2.83506 2.77888
threshold=-0.29147500990843528 -0.11226241503068045 0.16079978038770623 0.076363514844275879 409.50000000000006 0.095130481433605626 78.500000000000014 0.097883073014808281 358.50000000000006 -0.051031166087261069 0.088561616238174531 0.092400726006063458 0.1148444038466462 0.20599409155536949
decision_type=2 2 2 2 2 2 2 2 2 2 2 2 2 2
left_child=1 6 3 5 7 8 12 9 -2 -5 11 -11 -1 -6
right_child=2 -3 -4 4 13 -7 -8 -9 -10 10 -12 -13 -14 -15
leaf_value=0.092521446515392416 -0.043111870787437868 -0.040747314297809555 0.02678654064902072 0.075844632365106204 -0.05129617056878371 0.028188243566164894 -0.050700387080269638 0.19457421067266809 0.071763497157419961 -0.016308322162501217 0.076953118248464597 0.091516592407238903 -0.050664921895348547 0.10830068688860328
leaf_weight=1.7025558017194304 12.44899169635028 13.757354893721638 17.574205242097378 2.9481294220313421 3.0083045996725555 3.2274317871779195 1.2222596965730188 0.38358678109943944 0.6887984564527877 4.9872568957507584 1.63682593870908 0.76855565235018719 0.4337759930640458 0.29994182474911202
leaf_count=22 808 1244 385 29 189 55 103 3 14 88 21 6 38 6
internal_value=-0.00186169 -0.0284529 0.0076258 -0.0034518 0.0207635 -0.0242156 0.021907 0.0385288 -0.0370891 0.0327404 0.0155507 -0.0019108 0.0634479 -0.0368263
internal_weight=65.088 17.1159 47.972 30.3978 14.0326 16.3652 3.35859 10.7244 13.1378 10.3408 7.39264 5.75581 2.13633 3.30825
internal_count=3011 1407 1604 1219 342 877 163 147 822 144 115 94 60 195
is_linear=0
shrinkage=0.05


end of trees

feature_importances:
embedding_00=32
prompt_approx_tokens=30
a2_score=23
embedding_32=20
embedding_20=19
embedding_22=16
embedding_29=15
embedding_41=15
embedding_06=13
embedding_26=12
embedding_44=12
embedding_45=12
embedding_46=12
embedding_34=11
embedding_02=9
embedding_08=9
embedding_15=9
embedding_16=9
embedding_30=9
embedding_33=9
embedding_07=8
embedding_13=8
embedding_14=8
embedding_17=7
embedding_18=7
embedding_39=7
embedding_42=7
embedding_05=6
embedding_10=6
embedding_36=6
embedding_40=6
embedding_03=5
embedding_43=5
embedding_04=4
embedding_23=4
embedding_47=4
prompt_chars=3
embedding_11=3
embedding_12=3
embedding_25=3
embedding_27=3
embedding_28=3
embedding_09=2
embedding_19=2
embedding_35=2
embedding_24=1
embedding_31=1

parameters:
[boosting: gbdt]
[objective: binary]
[metric: binary_logloss]
[tree_learner: serial]
[device_type: cpu]
[data_sample_strategy: bagging]
[data: ]
[valid: ]
[num_iterations: 30]
[learning_rate: 0.05]
[num_leaves: 15]
[num_threads: 1]
[seed: 23]
[deterministic: 0]
[force_col_wise: 1]
[force_row_wise: 0]
[histogram_pool_size: -1]
[max_depth: -1]
[min_data_in_leaf: 3]
[min_sum_hessian_in_leaf: 0.001]
[bagging_fraction: 1]
[pos_bagging_fraction: 1]
[neg_bagging_fraction: 1]
[bagging_freq: 0]
[bagging_seed: 25556]
[bagging_by_query: 0]
[feature_fraction: 1]
[feature_fraction_bynode: 1]
[feature_fraction_seed: 31605]
[extra_trees: 0]
[extra_seed: 3808]
[early_stopping_round: 0]
[early_stopping_min_delta: 0]
[first_metric_only: 0]
[max_delta_step: 0]
[lambda_l1: 0]
[lambda_l2: 0]
[linear_lambda: 0]
[min_gain_to_split: 0]
[drop_rate: 0.1]
[max_drop: 50]
[skip_drop: 0.5]
[xgboost_dart_mode: 0]
[uniform_drop: 0]
[drop_seed: 6130]
[top_rate: 0.2]
[other_rate: 0.1]
[min_data_per_group: 100]
[max_cat_threshold: 32]
[cat_l2: 10]
[cat_smooth: 10]
[max_cat_to_onehot: 4]
[top_k: 20]
[monotone_constraints: ]
[monotone_constraints_method: basic]
[monotone_penalty: 0]
[feature_contri: ]
[forcedsplits_filename: ]
[refit_decay_rate: 0.9]
[cegb_tradeoff: 1]
[cegb_penalty_split: 0]
[cegb_penalty_feature_lazy: ]
[cegb_penalty_feature_coupled: ]
[path_smooth: 0]
[interaction_constraints: ]
[verbosity: -1]
[saved_feature_importance_type: 0]
[use_quantized_grad: 0]
[num_grad_quant_bins: 4]
[quant_train_renew_leaf: 0]
[stochastic_rounding: 1]
[linear_tree: 0]
[max_bin: 255]
[max_bin_by_feature: ]
[min_data_in_bin: 3]
[bin_construct_sample_cnt: 200000]
[data_random_seed: 113]
[is_enable_sparse: 1]
[enable_bundle: 1]
[use_missing: 1]
[zero_as_missing: 0]
[feature_pre_filter: 1]
[pre_partition: 0]
[two_round: 0]
[header: 0]
[label_column: ]
[weight_column: ]
[group_column: ]
[ignore_column: ]
[categorical_feature: ]
[forcedbins_filename: ]
[precise_float_parser: 0]
[parser_config_file: ]
[objective_seed: 16714]
[num_class: 1]
[is_unbalance: 0]
[scale_pos_weight: 1]
[sigmoid: 1]
[boost_from_average: 1]
[reg_sqrt: 0]
[alpha: 0.9]
[fair_c: 1]
[poisson_max_delta_step: 0.7]
[tweedie_variance_power: 1.5]
[lambdarank_truncation_level: 30]
[lambdarank_norm: 1]
[label_gain: ]
[lambdarank_position_bias_regularization: 0]
[eval_at: ]
[multi_error_top_k: 1]
[auc_mu_weights: ]
[num_machines: 1]
[local_listen_port: 12400]
[time_out: 120]
[machine_list_filename: ]
[machines: ]
[gpu_platform_id: -1]
[gpu_device_id: -1]
[gpu_device_id_list: ]
[gpu_use_dp: 0]
[num_gpu: 1]

end of parameters

pandas_categorical:null
