tree
version=v4
num_class=1
num_tree_per_iteration=1
label_index=0
max_feature_idx=51
objective=regression
feature_names=a2_score has_code_fence prompt_approx_tokens prompt_chars embedding_00 embedding_01 embedding_02 embedding_03 embedding_04 embedding_05 embedding_06 embedding_07 embedding_08 embedding_09 embedding_10 embedding_11 embedding_12 embedding_13 embedding_14 embedding_15 embedding_16 embedding_17 embedding_18 embedding_19 embedding_20 embedding_21 embedding_22 embedding_23 embedding_24 embedding_25 embedding_26 embedding_27 embedding_28 embedding_29 embedding_30 embedding_31 embedding_32 embedding_33 embedding_34 embedding_35 embedding_36 embedding_37 embedding_38 embedding_39 embedding_40 embedding_41 embedding_42 embedding_43 embedding_44 embedding_45 embedding_46 embedding_47
feature_infos=[-2.8105082381565287:-1.7521656005865776] none [8:965] [34:3860] [-0.41087217443874041:0.61782155193190347] [-0.48471791416315496:0.50738849249045237] [-0.58520573598065284:0.1637091018140116] [-0.457495710997814:0.48970210687439175] [-0.41646336503628284:0.36980013081681939] [-0.46164353574848277:0.27910827799011501] [-0.49030428616306426:0.35382651028683815] [-0.41130179815941625:0.42628184178677897] [-0.7761441759351253:0.25514595333753737] [-0.25087260300212721:0.56200266417119338] [-0.38669459561826541:0.57796492950336786] [-0.48622141449773226:0.48730810225589299] [-0.55001909821692674:0.39036002917941331] [-0.23408229439226114:0.70149986857704305] [-0.3596943895981084:0.42459591394742019] [-0.3481553119113957:0.47546492756792713] [-0.3245134270208202:0.52075564392329554] [-0.39082557499682519:0.32882426898275152] [-0.41281254969226883:0.45401858887714786] [-0.49763795114508702:0.41301708893558936] [-0.53839652650374503:0.42173074971558477] [-0.30845685446746224:0.51089105201080265] [-0.40388187304691769:0.36099410255771208] [-0.2290393337255473:0.6393508022779113] [-0.40927275453502904:0.33633639699815621] [-0.42444648726183282:0.25630729731502827] [-0.73874861306336814:0.21031022607861385] [-0.4681734716045628:0.40689422938557973] [-0.30599503068105227:0.41130179815941625] [-0.2520988421229669:0.59213690821293896] [-0.43249857361756672:0.4493247650413843] [-0.64379044019311227:0.34731435582359393] [-0.48314531438551706:0.27044936151312532] [-0.3576777653141881:0.55381861969499646] [-0.5121475197315839:0.33776026473659926] [-0.53951250094920478:0.43748483228844198] [-0.63167616570923679:0.68475227121768012] [-0.48949020986880254:0.48218561322280346] [-0.46114398896535042:0.38087317795088099] [-0.44766148103584524:0.36014120303280989] [-0.39773369280899523:0.42008402520840299] [-0.48434471241406046:0.48800932206302489] [-0.75925660236529657:0.33806170189140661] [-0.51314236049113426:0.3563249516154553] [-0.43560684186903209:0.43070552164653242] [-0.42111744380615784:0.62985816774525505] [-0.35666297896665838:0.37577968896651326] [-0.51047656089015592:0.41650600860529929]
tree_sizes=1507 1506 1504 1511 1504 1532 1561 1572 1517 1502 1510 1492 1463 1494 1486 1482 1467 1509 1503 1490

Tree=0
num_leaves=15
num_cat=0
split_feature=14 2 31 49 11 28 2 37 12 10 27 12 21 26
split_gain=3.34726e+06 5.36748e+06 2.08189e+06 1.86704e+06 4.47357e+06 1.53083e+06 2.22398e+06 873579 780589 757049 645060 1.09462e+06 515094 399117
threshold=-0.070889169393617543 95.500000000000014 -0.084569985101946951 0.13308662598568158 0.18011301201819421 -0.056154528517303813 194.50000000000003 -0.13358830980364439 0.10952930095845158 0.0835149833117695 0.3954986716664744 -0.18317728981181347 0.064018843204976209 0.076594760949813226
decision_type=2 2 2 2 2 2 2 2 2 2 2 2 2 2
left_child=1 2 -1 4 5 6 12 13 10 -4 -5 -12 -2 -7
right_child=3 -3 9 8 -6 7 -8 -9 -10 -11 11 -13 -14 -15
leaf_value=19.466362207592834 74.783028397422342 22.620208379167551 75.214278397422362 19.619227704668859 76.045528516631634 28.638584527831583 27.185886002811529 21.258805293765811 45.183028556368058 50.413028397422337 19.513028874259501 57.716361857912261 45.483028397422331 47.620528397422348
leaf_weight=2.9999999999999991 2.9999999999999991 39 7.9999999999999982 2565 3.9999999999999991 8.9999999999999982 35 322 2.9999999999999991 5 5.0000000000000009 2.9999999999999991 3 3.9999999999999991
leaf_count=3 3 39 8 2565 4 9 35 322 3 5 5 3 3 4
internal_value=20.4032 32.6248 57.0112 20.1758 23.4475 22.8879 32.0074 21.7718 19.6932 65.6753 19.6634 33.8393 60.133 34.4792
internal_weight=3011 55 16 2956 380 376 41 335 2576 13 2573 8 6 13
internal_count=3011 55 16 2956 380 376 41 335 2576 13 2573 8 6 13
is_linear=0
shrinkage=1


Tree=1
num_leaves=15
num_cat=0
split_feature=14 2 31 49 11 28 2 37 12 10 17 21 43 36
split_gain=3.0209e+06 4.84415e+06 1.8789e+06 1.685e+06 4.0374e+06 1.38157e+06 2.00714e+06 788405 704482 683236 600315 464872 368168 331002
threshold=-0.070889169393617543 95.500000000000014 -0.084569985101946951 0.13308662598568158 0.18011301201819421 -0.056154528517303813 194.50000000000003 -0.13358830980364439 0.10952930095845158 0.0835149833117695 -0.098354533275596248 0.064018843204976209 0.076139238505705115 0.03402084468505804
decision_type=2 2 2 2 2 2 2 2 2 2 2 2 2 2
left_child=1 2 -1 4 5 6 11 12 10 -4 -5 -2 -7 -12
right_child=3 -3 9 8 -6 7 -8 -9 -10 -11 13 -13 -14 -15
leaf_value=-0.88998476664225257 51.660847981770843 2.1061690507790982 52.070536422729504 21.650753911336267 52.860223388671876 7.7626156277126741 6.4435629173687534 0.81283611658011901 23.54084955851237 28.509348754882808 -0.79552879743557248 23.825848388671872 25.993747329711915 4.10032835824149
leaf_weight=2.9999999999999991 2.9999999999999991 39 7.9999999999999982 2.9999999999999991 3.9999999999999991 8.9999999999999982 35 322 2.9999999999999991 5 2535 3 3.9999999999999991 35
leaf_count=3 3 39 8 3 4 9 35 322 3 5 2535 3 4 35
internal_value=-2.67132e-08 11.6106 34.7776 -0.216029 2.8921 2.36052 11.024 1.30021 -0.674526 43.0085 -0.70276 37.7433 13.3722 -0.728854
internal_weight=3011 55 16 2956 380 376 41 335 2576 13 2573 6 13 2570
internal_count=3011 55 16 2956 380 376 41 335 2576 13 2573 6 13 2570
is_linear=0
shrinkage=0.05


Tree=2
num_leaves=15
num_cat=0
split_feature=14 2 31 49 11 28 2 37 12 10 7 12 21 18
split_gain=2.72636e+06 4.37184e+06 1.69571e+06 1.52071e+06 3.64375e+06 1.24687e+06 1.81145e+06 711535 635795 616621 578581 1.57134e+06 419547 351427
threshold=-0.070889169393617543 95.500000000000014 -0.084569985101946951 0.13308662598568158 0.18011301201819421 -0.056154528517303813 194.50000000000003 -0.13358830980364439 0.10952930095845158 0.0835149833117695 0.29843938832484834 -0.19073437245208599 0.064018843204976209 -0.12639664002661355
decision_type=2 2 2 2 2 2 2 2 2 2 2 2 2 2
left_child=1 2 -1 4 5 6 12 13 10 -4 -5 -12 -2 -7
right_child=3 -3 9 8 -6 7 -8 -9 -10 -11 11 -13 -14 -15
leaf_value=-0.84548556009928388 49.077807617187503 2.0008605810312128 49.467010498046882 -0.71675119660591169 50.217212009429936 5.092574741159166 6.1213845716203963 0.77219432773103258 22.363806152343752 27.083881683349603 -0.7974349439144135 41.634827184677128 22.634556070963537 21.583096949259442
leaf_weight=2.9999999999999991 2.9999999999999991 39 7.9999999999999982 2562 3.9999999999999991 7 35 322 2.9999999999999991 5 7.9999999999999991 2.9999999999999991 3 5.9999999999999982
leaf_count=3 3 39 8 2562 4 7 35 322 3 5 8 3 3 6
internal_value=1.01821e-08 11.03 33.0387 -0.205228 2.74749 2.2425 10.4728 1.2352 -0.6408 40.8581 -0.667622 10.775 35.8562 12.7036
internal_weight=3011 55 16 2956 380 376 41 335 2576 13 2573 11 6 13
internal_count=3011 55 16 2956 380 376 41 335 2576 13 2573 11 6 13
is_linear=0
shrinkage=0.05


Tree=3
num_leaves=15
num_cat=0
split_feature=14 2 31 49 11 28 2 37 27 0 10 21 12 43
split_gain=2.46054e+06 3.94559e+06 1.53038e+06 1.37244e+06 3.28849e+06 1.1253e+06 1.63483e+06 642161 580293 1.30282e+06 556500 378641 323822 319221
threshold=-0.070889169393617543 95.500000000000014 -0.084569985101946951 0.13308662598568158 0.18011301201819421 -0.056154528517303813 194.50000000000003 -0.13358830980364439 0.37797577282721934 -2.1742192633536801 0.0835149833117695 0.064018843204976209 0.096228138713340752 0.076139238505705115
decision_type=2 2 2 2 2 2 2 2 2 2 2 2 2 2
left_child=1 2 -1 4 5 6 11 13 12 -10 -4 -2 -5 -7
right_child=3 -3 10 8 -6 7 -8 -9 9 -11 -12 -13 -14 -15
leaf_value=-0.80321127573649087 46.623915608723962 1.9008176309940144 46.993658447265631 -0.67482474333040887 47.706352424621585 6.8450140184826331 5.8153154836382193 0.73358459160749956 -0.40224838256835932 38.980174255371111 25.729686279296871 21.502828979492183 15.761962016423546 23.821036720275881
leaf_weight=2.9999999999999991 2.9999999999999991 39 7.9999999999999982 2563 3.9999999999999991 8.9999999999999982 35 322 7 2.9999999999999982 5 3 2.9999999999999991 3.9999999999999991
leaf_count=3 3 39 8 2563 4 9 35 322 7 3 5 3 3 4
internal_value=8.87834e-10 10.4785 31.3868 -0.194966 2.61012 2.13037 9.94918 1.17344 -0.60876 11.4125 38.8152 34.0634 -0.655608 12.0684
internal_weight=3011 55 16 2956 380 376 41 335 2576 10 13 6 2566 13
internal_count=3011 55 16 2956 380 376 41 335 2576 10 13 6 2566 13
is_linear=0
shrinkage=0.05


Tree=4
num_leaves=15
num_cat=0
split_feature=14 2 31 49 11 28 2 26 27 0 10 21 33 12
split_gain=2.22064e+06 3.56089e+06 1.38117e+06 1.2427e+06 4.59516e+06 965702 1.49416e+06 609553 523163 1.17579e+06 506995 341724 297475 292018
threshold=-0.070889169393617543 95.500000000000014 -0.084569985101946951 0.12432888539209512 0.18011301201819421 -0.056154528517303813 194.50000000000003 0.076594760949813226 0.37797577282721934 -2.1742192633536801 0.091627113166860355 0.064018843204976209 0.089668017047545276 0.096228138713340752
decision_type=2 2 2 2 2 2 2 2 2 2 2 2 2 2
left_child=1 2 -1 4 5 6 11 -7 13 -10 12 -2 -4 -5
right_child=3 -3 10 8 -6 7 -8 -9 9 -11 -12 -13 -14 -15
leaf_value=-0.7630507151285808 44.292718505859376 1.8057767280401329 37.029471842447926 -0.63486338947388032 64.158532714843759 0.85461172804097163 5.2966925084590919 18.44789888381958 -0.38213597025190077 37.031163533528655 22.063202476501466 20.427686564127598 56.312725830078115 14.973863887786866
leaf_weight=2.9999999999999991 2.9999999999999991 39 5.9999999999999982 2574 2.9999999999999991 321 34 4.9999999999999991 7 2.9999999999999982 3.9999999999999991 3 3 2.9999999999999991
leaf_count=3 3 39 6 2574 3 321 34 5 7 3 4 3 3 3
internal_value=-1.91206e-08 9.95462 29.8174 -0.185218 2.52925 2.02409 9.35622 1.12445 -0.5724 10.8419 36.8744 32.3602 43.4572 -0.616693
internal_weight=3011 55 16 2956 369 366 40 326 2587 10 13 6 9 2577
internal_count=3011 55 16 2956 369 366 40 326 2587 10 13 6 9 2577
is_linear=0
shrinkage=0.05


Tree=5
num_leaves=15
num_cat=0
split_feature=14 2 31 49 11 28 2 26 7 13 12 10 21 4
split_gain=2.00413e+06 3.21371e+06 1.2465e+06 1.12153e+06 4.14713e+06 871546 1.34848e+06 550122 486620 1.39597e+06 458841 457563 308406 289750
threshold=-0.070889169393617543 95.500000000000014 -0.084569985101946951 0.12432888539209512 0.18011301201819421 -0.056154528517303813 194.50000000000003 0.076594760949813226 0.29843938832484834 0.10693018684538676 0.10952930095845158 0.091627113166860355 0.064018843204976209 -0.056614069803398205
decision_type=2 2 2 2 2 2 2 2 2 2 2 2 2 2
left_child=1 2 -1 4 5 6 12 13 10 -10 -5 -4 -2 -7
right_child=3 -3 11 8 -6 7 -8 -9 9 -11 -12 -13 -14 -15
leaf_value=-0.72489816347757985 42.078084309895836 1.7154878270931733 41.284361436631947 -0.61137737303080375 60.950609334309902 2.8499621320614774 5.0318578974289059 17.525504417419434 39.037090682983404 -0.95728042125701907 18.954232915242514 20.960043144226077 19.406302134195958 -0.29534549367829016
leaf_weight=2.9999999999999991 2.9999999999999991 39 8.9999999999999982 2573 2.9999999999999991 113 34 4.9999999999999991 2.9999999999999991 7.9999999999999991 2.9999999999999991 3.9999999999999991 3 208
leaf_count=3 3 39 9 2573 3 113 34 5 3 8 3 4 3 208
internal_value=1.29731e-08 9.45689 28.3265 -0.175957 2.40279 1.92289 8.88841 1.06823 -0.54378 9.95028 -0.588591 35.0307 30.7422 0.811881
internal_weight=3011 55 16 2956 369 366 40 326 2587 11 2576 13 6 321
internal_count=3011 55 16 2956 369 366 40 326 2587 11 2576 13 6 321
is_linear=0
shrinkage=0.05


Tree=6
num_leaves=15
num_cat=0
split_feature=14 2 31 36 0 49 11 47 44 33 17 10 12 8
split_gain=1.80873e+06 2.90037e+06 1.12497e+06 1.04283e+06 1.17031e+06 722956 2.34925e+06 764519 672986 468784 428074 417940 415119 400298
threshold=-0.070889169393617543 95.500000000000014 -0.084569985101946951 0.053161023919667837 -2.2066191860785493 0.12432888539209512 0.12061898428300556 -0.13418033717684161 -0.066594341452341249 -1.0000000180025095e-35 -0.10426182657261716 0.0835149833117695 0.10952930095845158 0.078730151911844418
decision_type=2 2 2 2 2 2 2 2 2 2 2 2 2 2
left_child=1 2 -1 5 13 6 7 -2 -6 -9 -7 -4 -12 -5
right_child=3 -3 11 4 8 10 -8 9 -10 -11 12 -13 -14 -15
leaf_value=-0.68865324656168625 26.603497123718263 1.6297134356620984 40.366722869873058 0.58368366786411829 39.81860046386717 18.316437371571862 45.903805796305342 13.219107168912888 10.814596199989319 0.97485843777046566 -0.60364105400746804 21.939133834838866 18.006520589192711 17.841747856140138
leaf_weight=2.9999999999999991 2.9999999999999991 39 7.9999999999999982 21.000000000000004 4.0000000000000009 2.9999999999999991 2.9999999999999991 7.9999999999999991 3.9999999999999991 342 2561 5 2.9999999999999991 3.9999999999999991
leaf_count=3 3 39 8 21 4 3 3 8 4 342 2561 5 3 4
internal_value=-2.06285e-08 8.98404 26.9102 -0.167159 8.67143 -0.266945 1.8446 1.47016 25.3166 1.25473 -0.55978 33.2792 -0.581866 3.34497
internal_weight=3011 55 16 2956 33 2923 356 353 8 350 2567 13 2564 25
internal_count=3011 55 16 2956 33 2923 356 353 8 350 2567 13 2564 25
is_linear=0
shrinkage=0.05


Tree=7
num_leaves=15
num_cat=0
split_feature=14 2 31 36 0 49 11 47 44 33 17 16 12 8
split_gain=1.63237e+06 2.61758e+06 1.01528e+06 941158 1.0562e+06 652468 2.1202e+06 689979 607370 423077 386337 383494 374645 361269
threshold=-0.070889169393617543 95.500000000000014 -0.084569985101946951 0.053161023919667837 -2.2066191860785493 0.12432888539209512 0.12061898428300556 -0.13418033717684161 -0.066594341452341249 -1.0000000180025095e-35 -0.10426182657261716 0.14463649690520206 0.10952930095845158 0.078730151911844418
decision_type=2 2 2 2 2 2 2 2 2 2 2 2 2 2
left_child=1 2 -1 5 13 6 7 -2 -6 -9 -7 -4 -12 -5
right_child=3 -3 11 4 8 10 -8 9 -10 -11 12 -13 -14 -15
leaf_value=-0.65422059694925949 25.273322168986002 1.5482278285882414 36.318912048339847 0.55449953533354257 37.827670288085919 17.400616010030113 43.608615406354268 12.5581520318985 10.273866224288941 0.9261155344709231 -0.57345897969860715 15.936288579305014 17.106195322672527 16.949660873413087
leaf_weight=2.9999999999999991 2.9999999999999991 39 9.9999999999999982 21.000000000000004 4.0000000000000009 2.9999999999999991 2.9999999999999991 7.9999999999999991 3.9999999999999991 342 2561 2.9999999999999991 2.9999999999999991 3.9999999999999991
leaf_count=3 3 39 10 21 4 3 3 8 4 342 2561 3 3 4
internal_value=6.07466e-09 8.53484 25.5647 -0.158801 8.23786 -0.253597 1.75237 1.39665 24.0508 1.19199 -0.531791 31.6152 -0.552773 3.17773
internal_weight=3011 55 16 2956 33 2923 356 353 8 350 2567 13 2564 25
internal_count=3011 55 16 2956 33 2923 356 353 8 350 2567 13 2564 25
is_linear=0
shrinkage=0.05


Tree=8
num_leaves=15
num_cat=0
split_feature=14 2 31 36 0 17 0 44 25 12 10 33 27 31
split_gain=1.47322e+06 2.36237e+06 916294 849395 953224 596520 1.1885e+06 548151 390526 3.7678e+06 365210 356161 1.12909e+06 342500
threshold=-0.070889169393617543 95.500000000000014 -0.084569985101946951 0.053161023919667837 -2.2066191860785493 -0.11890056996129315 -1.9367517747142624 -0.066594341452341249 0.20818852211282993 -1.0000000180025095e-35 0.0835149833117695 -0.066204537139711625 0.2376429122989441 0.16851709045836907
decision_type=2 2 2 2 2 2 2 2 2 2 2 2 2 2
left_child=1 2 -1 5 -5 6 -2 -6 11 13 -4 12 -7 -10
right_child=3 -3 10 4 7 8 -8 -9 9 -11 -12 -13 -14 -15
leaf_value=-0.62150956789652512 35.796518707275389 1.4708163762703921 36.659833335876471 3.0188390960693359 35.936287689208967 0.56754568417867013 3.2703970474953006 9.7601729869842533 0.26983327600691054 58.103461710611981 19.43388488769531 -0.47972792090475025 29.935944747924808 17.512488555908202
leaf_weight=2.9999999999999991 2.9999999999999991 39 7.9999999999999982 25 4.0000000000000009 18.000000000000004 44 3.9999999999999991 72 2.9999999999999991 5 2776 3.9999999999999991 2.9999999999999991
leaf_count=3 3 39 8 25 4 18 44 4 72 3 5 2776 4 3
internal_value=-4.33017e-09 8.1081 24.2865 -0.150861 7.82596 -0.240918 5.34653 22.8482 -0.332229 3.15738 30.0345 -0.429509 5.90725 0.959539
internal_weight=3011 55 16 2956 33 2923 47 8 2876 78 13 2798 22 75
internal_count=3011 55 16 2956 33 2923 47 8 2876 78 13 2798 22 75
is_linear=0
shrinkage=0.05


Tree=9
num_leaves=15
num_cat=0
split_feature=14 2 31 49 11 28 2 18 7 5 14 0 12 21
split_gain=1.32958e+06 2.13204e+06 826956 782168 2.91422e+06 676299 1.05953e+06 441792 368311 1.11671e+06 335005 311964 299460 247041
threshold=-0.070889169393617543 95.500000000000014 -0.084569985101946951 0.12432888539209512 0.18011301201819421 -0.056154528517303813 194.50000000000003 -0.077330940545980234 0.29843938832484834 -1.0000000180025095e-35 -0.2000075005469201 -2.1742192633536801 0.10952930095845158 0.064018843204976209
decision_type=2 2 2 2 2 2 2 2 2 2 2 2 2 2
left_child=1 2 -1 4 5 6 13 11 12 -10 -4 -7 -5 -2
right_child=3 -3 10 8 -6 7 -8 -9 9 -11 -12 -13 -14 -15
leaf_value=-0.59043409029642746 37.26084696451823 1.3972756379689928 43.186986287434898 -0.50788429288423076 51.089506022135424 4.8023601937294007 4.3253398530623492 0.23733969812913969 34.694486665725698 -1.0765398383140565 24.13647254943848 21.712922668457033 15.298485310872397 16.969602203369135
leaf_weight=2.9999999999999991 2.9999999999999991 39 2.9999999999999991 2573 2.9999999999999991 30 34 293 3 7.9999999999999982 9.9999999999999982 2.9999999999999991 2.9999999999999991 3
leaf_count=3 3 39 3 2573 3 30 34 293 3 8 10 3 3 3
internal_value=-1.01156e-08 7.70269 23.0721 -0.143318 2.01022 1.60793 7.74382 0.855062 -0.450491 8.67919 28.5327 6.33968 -0.489476 27.1152
internal_weight=3011 55 16 2956 369 366 40 326 2587 11 13 33 2576 6
internal_count=3011 55 16 2956 369 366 40 326 2587 11 13 33 2576 6
is_linear=0
shrinkage=0.05


Tree=10
num_leaves=15
num_cat=0
split_feature=14 2 31 36 49 17 7 25 35 27 16 29 15 40
split_gain=1.19995e+06 1.92416e+06 746327 712983 826677 523819 1.72418e+06 492820 338465 576778 324932 272191 263742 661886
threshold=-0.070889169393617543 95.500000000000014 -0.084569985101946951 0.053161023919667837 0.20365337135461245 -0.08486285808194699 0.085956945717342345 -0.032342430802809082 0.091446579516715892 0.25101749590273009 0.14463649690520206 -0.056124161292235027 0.3615133633692687 0.26389387849932283
decision_type=2 2 2 2 2 2 2 2 2 2 2 2 2 2
left_child=1 2 -1 5 7 6 -2 -5 12 -10 -4 -9 -7 -14
right_child=3 -3 10 4 -6 8 -8 11 9 -11 -12 -13 13 -15
leaf_value=-0.56091238657633469 2.258572418550246 1.327411795885135 31.435782775878909 33.596321614583317 -0.50531802457921648 -0.43972381280967465 40.819417317708336 21.966382026672363 2.3833068431691919 24.995863533020021 12.673857371012371 6.290666813320585 -0.72622751508440297 27.344398657480866
leaf_weight=2.9999999999999991 86 39 9.9999999999999982 3.0000000000000009 17 2774 2.9999999999999991 3.9999999999999991 47 2.9999999999999991 2.9999999999999991 8.9999999999999964 6.9999999999999982 3
leaf_count=3 86 39 10 3 17 2774 3 4 47 3 3 9 7 3
internal_value=1.64109e-08 7.31756 21.9185 -0.136152 7.17212 -0.218661 3.55838 15.3294 -0.337276 3.74006 27.1061 11.114 -0.410504 7.69496
internal_weight=3011 55 16 2956 33 2923 89 16 2834 50 13 13 2784 10
internal_count=3011 55 16 2956 33 2923 89 16 2834 50 13 13 2784 10
is_linear=0
shrinkage=0.05


Tree=11
num_leaves=15
num_cat=0
split_feature=0 4 2 14 27 25 27 36 5 32 30 49 35 29
split_gain=1.0915e+06 2.18728e+06 2.65826e+06 1.14534e+06 587949 520527 1.26529e+06 511282 456754 388214 339743 220797 279923 232786
threshold=-2.2950412437832397 0.091609747757794402 166.50000000000003 -0.059742494441327093 0.28539144430081687 0.15194184630447941 0.27591809410996887 0.053161023919667837 -0.082157136438131426 0.11102557517807847 -0.25611575982753593 0.10432228060762601 0.0387492456747962 0.17112813287971615
decision_type=2 2 2 2 2 2 2 2 2 2 2 2 2 2
left_child=11 3 9 4 10 7 -7 -5 -9 -3 -2 12 13 -1
right_child=1 2 -4 5 -6 6 -8 8 -10 -11 -12 -13 -14 -15
leaf_value=0.043397589158085947 14.739603996276854 29.285436706542953 -1.0384472787380219 0.35816242014133171 26.220172627766928 3.2362208706992011 39.018225606282556 28.870745849609364 1.2798734029134116 50.183770751953119 -0.34371230942862369 -0.49064691970753804 6.145979709978457 14.172760518391929
leaf_weight=103 8 5.0000000000000018 7.9999999999999991 359 5.9999999999999991 14.000000000000002 2.9999999999999991 3 2.9999999999999991 4 7.0000000000000009 2458 27 2.9999999999999991
leaf_count=103 8 5 8 359 6 14 3 3 3 4 7 2458 27 3
internal_value=2.06726e-08 2.36448 19.9326 1.62339 12.992 0.998413 9.55069 0.600088 15.0753 38.5736 7.70072 -0.383281 1.60098 0.443285
internal_weight=3011 420 17 403 21 382 17 365 6 9 15 2591 133 106
internal_count=3011 420 17 403 21 382 17 365 6 9 15 2591 133 106
is_linear=0
shrinkage=0.05


Tree=12
num_leaves=15
num_cat=0
split_feature=0 4 0 6 14 32 41 36 2 35 8 8 48 31
split_gain=986887 2.73145e+06 1.30796e+06 925462 784653 677598 573025 468996 336594 325068 341991 389032 297296 201885
threshold=-2.26733956977708 0.060412511091216488 -2.2066191860785493 0.058928782738868313 -0.070889169393617543 0.071226974739770438 -0.073521915346540498 0.053161023919667837 105.50000000000001 0.055048377817464203 0.078730151911844418 0.10420423989742145 0.066778180821497293 0.1563424821931316
decision_type=2 2 2 2 2 2 2 2 2 2 2 2 2 2
left_child=9 3 -3 4 6 -4 -2 13 -8 -1 -11 -12 -9 -6
right_child=1 2 5 -5 7 -7 8 12 -10 10 11 -13 -14 -15
leaf_value=-0.44816508842009339 2.0051684447697227 2.4224690437316898 20.727574157714848 25.44425277709961 0.30665683870209509 46.758284301757811 29.538269653320317 3.494832483927409 8.3535482406616186 1.3392447358369828 25.87483367919922 5.3455506420135501 25.754509226481112 7.5191083240509036
leaf_weight=2542 7 4.9999999999999991 4.9999999999999982 3.9999999999999991 326 5 4.9999999999999982 2.9999999999999991 3 80 2.9999999999999991 9.9999999999999982 3 9.9999999999999982
leaf_count=2542 7 5 5 4 326 5 5 3 3 80 3 10 3 10
internal_value=-3.29597e-09 2.39632 23.3028 1.52763 1.25966 33.7429 12.4525 0.76874 21.594 -0.341942 2.5615 10.0831 14.6247 0.521313
internal_weight=3011 376 15 361 357 10 15 342 8 2635 93 13 6 336
internal_count=3011 376 15 361 357 10 15 342 8 2635 93 13 6 336
is_linear=0
shrinkage=0.05


Tree=13
num_leaves=15
num_cat=0
split_feature=49 39 27 15 42 22 48 33 12 17 33 4 2 28
split_gain=922035 1.36307e+06 835306 825263 590002 611318 328292 276932 257181 1.18688e+06 694428 254560 223318 157277
threshold=0.13308662598568158 -0.070484040750911428 0.32371338674914457 0.30592225456330485 0.11301357510065009 0.10146932091302036 0.12238528236981079 0.10985896606530117 -1.0000000180025095e-35 0.092302584110511579 0.20083860173890197 -0.02684145337680444 118.50000000000001 0.2625054915335977
decision_type=2 2 2 2 2 2 2 2 2 2 2 2 2 2
left_child=1 2 -1 4 6 -6 11 -4 13 10 -10 -3 -8 -2
right_child=8 3 7 -5 5 -7 12 -9 9 -11 -12 -13 -14 -15
leaf_value=6.4516580899556475 -0.42398325754831218 2.242045446490883 20.868367004394532 21.8162396812439 5.8356283028920481 29.77536315917969 18.457225799560547 40.964616902669263 41.141583251953129 0.062553176879882808 7.1213009516398094 -0.55615626956518904 4.2584050231509734 8.4525070858001712
leaf_weight=8.9999999999999982 2562 133 3.9999999999999991 4.9999999999999991 24.000000000000004 2.9999999999999991 3.9999999999999991 3 2.9999999999999991 35 3 209 8.9999999999999982 4.9999999999999991
leaf_count=9 2562 133 4 5 24 3 4 3 3 35 3 209 9 5
internal_value=-5.13752e-09 2.22582 16.527 1.63455 1.3704 8.4956 0.828479 29.481 -0.343943 3.58483 24.1314 0.532033 8.62727 -0.406694
internal_weight=3011 403 16 387 382 27 355 7 2608 41 6 342 13 2567
internal_count=3011 403 16 387 382 27 355 7 2608 41 6 342 13 2567
is_linear=0
shrinkage=0.05


Tree=14
num_leaves=15
num_cat=0
split_feature=49 11 14 27 28 2 18 33 27 23 17 14 33 21
split_gain=833066 1.98021e+06 801720 594133 437545 714169 308393 258139 1.17526e+06 1.02216e+06 211089 180030 581931 178762
threshold=0.12432888539209512 0.18011301201819421 -0.059742494441327093 0.28539144430081687 -0.056154528517303813 194.50000000000003 -0.071711601205623407 1.0000000180025095e-35 0.2376429122989441 0.036466272056195764 -1.0000000180025095e-35 -0.13763447293215839 0.1409668855452651 0.064018843204976209
decision_type=2 2 2 2 2 2 2 2 2 2 2 2 2 2
left_child=1 2 3 -1 5 13 -6 8 -2 -10 -8 12 -9 -4
right_child=7 -3 4 -5 6 -7 10 11 9 -11 -12 -13 -14 -15
leaf_value=6.6326249220541529 0.047835233563282453 42.619084676106773 30.802928670247397 25.810646057128906 5.0778277737753736 3.3266973418574182 2.2761423864482362 24.776790110270184 34.526146392822277 2.5549861717224118 -0.73052733115602342 -0.43301592049844911 -0.65134855376349554 13.542086537679033
leaf_weight=21.000000000000004 61 2.9999999999999991 2.9999999999999991 4.9999999999999991 35 31 81 2.9999999999999991 4.9999999999999982 5 209 2537 8.9999999999999982 3
leaf_count=21 61 3 3 5 35 31 81 3 5 5 209 2537 9 3
internal_value=6.37122e-09 2.15286 1.83998 10.3207 1.23087 6.38277 0.644342 -0.321286 2.65245 18.5406 0.109267 -0.404117 5.70569 22.1725
internal_weight=3011 391 388 26 362 37 325 2620 71 10 290 2549 12 6
internal_count=3011 391 388 26 362 37 325 2620 71 10 290 2549 12 6
is_linear=0
shrinkage=0.05


Tree=15
num_leaves=15
num_cat=0
split_feature=49 11 14 27 28 2 18 12 17 33 17 26 21 2
split_gain=751842 1.78714e+06 723552 536205 394885 644537 278324 241689 1.00952e+06 588432 190507 172389 161333 158771
threshold=0.12432888539209512 0.18011301201819421 -0.059742494441327093 0.28539144430081687 -0.056154528517303813 194.50000000000003 -0.071711601205623407 -1.0000000180025095e-35 0.092302584110511579 0.20083860173890197 -1.0000000180025095e-35 0.076594760949813226 0.064018843204976209 330.50000000000006
decision_type=2 2 2 2 2 2 2 2 2 2 2 2 2 2
left_child=1 2 3 -1 5 12 11 -2 9 -9 -8 -6 -4 -7
right_child=7 -3 4 -5 6 13 10 8 -10 -11 -12 -13 -14 -15
leaf_value=6.3009936809539786 -0.3665176091497494 40.488129679361982 29.262782796223959 24.520113830566409 3.5634436553524389 1.9890940427780148 2.1623352695394447 38.103338623046874 0.292517634232839 6.7868865331013986 -0.69400094915805255 14.592755126953126 12.864982350667313 14.0921999613444
leaf_weight=21.000000000000004 2578 2.9999999999999991 2.9999999999999991 4.9999999999999991 31 28.000000000000004 81 2.9999999999999991 36 3 209 3.9999999999999991 3 2.9999999999999991
leaf_count=21 2578 3 3 5 31 28 81 3 36 3 209 4 3 3
internal_value=6.92847e-11 2.04522 1.74798 9.80467 1.16932 6.06364 0.612125 -0.305222 3.45717 22.4451 0.103803 4.82394 21.0639 3.16036
internal_weight=3011 391 388 26 362 37 325 2620 42 6 290 35 6 31
internal_count=3011 391 388 26 362 37 325 2620 42 6 290 35 6 31
is_linear=0
shrinkage=0.05


Tree=16
num_leaves=15
num_cat=0
split_feature=0 4 2 14 27 47 5 22 30 32 26 33 34 19
split_gain=689694 1.44433e+06 1.78958e+06 691784 382182 363344 330355 760367 227165 215442 177808 327023 285190 156788
threshold=-2.2950412437832397 0.091609747757794402 166.50000000000003 -0.059742494441327093 0.28539144430081687 0.18548889346066422 -0.12077735592203605 0.088045214637277436 -0.25611575982753593 0.11102557517807847 -0.17205301266085657 0.025574006143782368 0.058595938290984473 0.11794581625044033
decision_type=2 2 2 2 2 2 2 2 2 2 2 2 2 2
left_child=10 3 9 4 8 6 7 -5 13 -3 11 12 -1 -2
right_child=1 2 -4 5 -6 -7 -8 -9 -10 -11 -12 -13 -14 -15
leaf_value=24.11626663208008 6.180408763885497 24.53111602783202 -1.0511679112911225 21.757377878824869 20.777811431884768 18.123913081487022 0.34450130001244139 -0.75731023788452156 -0.73129453659057608 40.099425506591786 -0.38002349710744765 1.0960919417344133 2.3145102183024084 20.638969930013019
leaf_weight=2.9999999999999991 5 5.0000000000000018 7.9999999999999991 5.9999999999999991 5.9999999999999991 2.9999999999999991 363 9.9999999999999982 7.0000000000000009 4 2508 77 3 3
leaf_count=3 5 5 8 6 6 3 363 10 7 4 2508 77 3 3
internal_value=1.81608e-08 1.87954 16.1555 1.27733 10.1127 0.791615 0.65442 7.6857 5.84666 31.4504 -0.304673 1.97219 13.2154 11.6024
internal_weight=3011 420 17 403 21 382 379 16 15 9 2591 83 6 8
internal_count=3011 420 17 403 21 382 379 16 15 9 2591 83 6 8
is_linear=0
shrinkage=0.05


Tree=17
num_leaves=15
num_cat=0
split_feature=49 11 14 27 28 2 18 33 27 23 17 2 14 33
split_gain=632908 1.49902e+06 596162 427837 341075 550440 240642 216131 983564 846020 170683 145415 143411 463736
threshold=0.12432888539209512 0.18011301201819421 -0.059742494441327093 0.28539144430081687 -0.056154528517303813 194.50000000000003 -0.071711601205623407 1.0000000180025095e-35 0.2376429122989441 0.036466272056195764 -1.0000000180025095e-35 330.50000000000006 -0.13763447293215839 0.1409668855452651
decision_type=2 2 2 2 2 2 2 2 2 2 2 2 2 2
left_child=1 2 3 -1 5 -4 -6 8 -2 -10 -8 -7 13 -9
right_child=7 -3 4 -5 6 11 10 12 9 -11 -12 -13 -14 -15
leaf_value=5.7877466269901809 0.058248116540127119 37.084483337402347 19.489768854777019 22.062001342773438 4.4774984759943832 1.8237408041954037 2.0369934525018856 22.121825281778971 31.518936462402351 2.4325052642822262 -0.66664535305574191 13.406591415405273 -0.38162679219274104 -0.57755106555091007
leaf_weight=21.000000000000004 61 2.9999999999999991 5.9999999999999991 4.9999999999999991 35 28.000000000000004 81 2.9999999999999991 4.9999999999999982 5 209 2.9999999999999991 2537 8.9999999999999982
leaf_count=21 61 3 6 5 35 28 81 3 5 5 209 3 2537 9
internal_value=-2.8184e-09 1.87649 1.60427 8.91741 1.07901 5.62765 0.561169 -0.280042 2.44099 16.9757 0.0885089 2.94466 -0.355834 5.09729
internal_weight=3011 391 388 26 362 37 325 2620 71 10 290 31 2549 12
internal_count=3011 391 388 26 362 37 325 2620 71 10 290 31 2549 12
is_linear=0
shrinkage=0.05


Tree=18
num_leaves=15
num_cat=0
split_feature=49 11 14 27 28 2 18 7 27 16 17 26 2 14
split_gain=571200 1.35287e+06 538037 386123 307820 496773 217180 202656 828734 971421 154042 141234 131237 128454
threshold=0.12432888539209512 0.18011301201819421 -0.059742494441327093 0.28539144430081687 -0.056154528517303813 194.50000000000003 -0.071711601205623407 0.20765431368196596 0.20171064891763588 -0.035050001698398822 -1.0000000180025095e-35 0.076594760949813226 330.50000000000006 -0.13763447293215839
decision_type=2 2 2 2 2 2 2 2 2 2 2 2 2 2
left_child=1 2 3 -1 5 -4 11 13 -9 -10 -8 -6 -7 -2
right_child=7 -3 4 -5 6 12 10 8 9 -11 -12 -13 -14 -15
leaf_value=5.4983592603887823 4.8424283762772884 35.230259704589848 18.515280723571777 20.958901519775392 3.1127038594215151 1.732553778375898 1.9351437115374908 0.11605123550661151 0.29865118662516266 40.535879516601568 -0.63331309118838408 13.095752143859864 12.736262130737305 -0.34275929058910298
leaf_weight=21.000000000000004 11.999999999999998 2.9999999999999991 5.9999999999999991 4.9999999999999991 31 28.000000000000004 81 31 3 2.9999999999999991 209 3.9999999999999991 2.9999999999999991 2571
leaf_count=21 12 3 6 5 31 28 81 31 3 3 209 4 3 2571
internal_value=8.41042e-09 1.78267 1.52405 8.47154 1.02506 5.34627 0.533111 -0.26604 3.40814 20.4173 0.0840835 4.25362 2.79743 -0.31867
internal_weight=3011 391 388 26 362 37 325 2620 37 6 290 35 31 2583
internal_count=3011 391 388 26 362 37 325 2620 37 6 290 35 31 2583
is_linear=0
shrinkage=0.05


Tree=19
num_leaves=15
num_cat=0
split_feature=0 4 2 6 14 4 36 5 33 0 26 17 31 33
split_gain=526336 1.16261e+06 1.44016e+06 505100 457565 351583 269721 347952 245658 179209 145223 280600 133583 171590
threshold=-2.2950412437832397 0.091609747757794402 166.50000000000003 0.058928782738868313 -0.059742494441327093 -0.15048896051575381 0.053161023919667837 -0.082157136438131426 0.10081946410044737 -2.1742192633536801 -0.17205301266085657 0.049485908781816766 0.1563424821931316 0.13839367746296991
decision_type=2 2 2 2 2 2 2 2 2 2 2 2 2 2
left_child=10 3 9 4 5 -2 12 -8 -7 -3 11 -1 -6 -14
right_child=1 2 -4 -5 6 8 7 -9 -10 -11 -12 -13 13 -15
leaf_value=14.711410999298096 -0.045444018500191807 18.19282175699869 -0.98554715514183044 18.780838871002199 0.16914128921822255 21.109814198811854 23.012776184082028 2.1575763861338304 6.1036028075218196 33.159833780924473 -0.3342538299814366 1.1373582375200488 11.533186976114912 0.010256763866969517
leaf_weight=3.9999999999999991 7.0000000000000027 3.0000000000000009 7.9999999999999991 3.9999999999999991 359 5.9999999999999982 3 5.9999999999999982 5 6.0000000000000009 2508 79 5.9999999999999982 7
leaf_count=4 7 3 8 4 359 6 3 6 5 6 2508 79 6 7
internal_value=1.78359e-09 1.64193 14.4502 1.10163 0.924399 8.71438 0.556369 9.10931 14.2888 28.1708 -0.266157 1.79153 0.349443 5.32853
internal_weight=3011 420 17 403 399 18 381 9 11 9 2591 83 372 13
internal_count=3011 420 17 403 399 18 381 9 11 9 2591 83 372 13
is_linear=0
shrinkage=0.05


end of trees

feature_importances:
prompt_approx_tokens=30
embedding_10=23
embedding_23=16
embedding_45=16
embedding_08=14
embedding_27=14
embedding_29=14
a2_score=13
embedding_07=13
embedding_13=12
embedding_24=12
embedding_17=9
embedding_06=8
embedding_32=8
embedding_00=7
embedding_22=7
embedding_14=6
embedding_03=5
embedding_01=4
embedding_04=4
embedding_33=4
embedding_12=3
embedding_21=3
embedding_28=3
embedding_31=3
embedding_40=3
embedding_43=3
embedding_02=2
embedding_11=2
embedding_18=2
embedding_19=2
embedding_25=2
embedding_26=2
embedding_39=2
embedding_44=2
embedding_09=1
embedding_15=1
embedding_30=1
embedding_35=1
embedding_36=1
embedding_37=1
embedding_38=1

parameters:
[boosting: gbdt]
[objective: regression]
[metric: rmse]
[tree_learner: serial]
[device_type: cpu]
[data_sample_strategy: bagging]
[data: ]
[valid: ]
[num_iterations: 20]
[learning_rate: 0.05]
[num_leaves: 15]
[num_threads: 1]
[seed: 23]
[deterministic: 0]
[force_col_wise: 1]
[force_row_wise: 0]
[histogram_pool_size: -1]
[max_depth: -1]
[min_data_in_leaf: 3]
[min_sum_hessian_in_leaf: 0.001]
[bagging_fraction: 1]
[pos_bagging_fraction: 1]
[neg_bagging_fraction: 1]
[bagging_freq: 0]
[bagging_seed: 25556]
[bagging_by_query: 0]
[feature_fraction: 1]
[feature_fraction_bynode: 1]
[feature_fraction_seed: 31605]
[extra_trees: 0]
[extra_seed: 3808]
[early_stopping_round: 0]
[early_stopping_min_delta: 0]
[first_metric_only: 0]
[max_delta_step: 0]
[lambda_l1: 0]
[lambda_l2: 0]
[linear_lambda: 0]
[min_gain_to_split: 0]
[drop_rate: 0.1]
[max_drop: 50]
[skip_drop: 0.5]
[xgboost_dart_mode: 0]
[uniform_drop: 0]
[drop_seed: 6130]
[top_rate: 0.2]
[other_rate: 0.1]
[min_data_per_group: 100]
[max_cat_threshold: 32]
[cat_l2: 10]
[cat_smooth: 10]
[max_cat_to_onehot: 4]
[top_k: 20]
[monotone_constraints: ]
[monotone_constraints_method: basic]
[monotone_penalty: 0]
[feature_contri: ]
[forcedsplits_filename: ]
[refit_decay_rate: 0.9]
[cegb_tradeoff: 1]
[cegb_penalty_split: 0]
[cegb_penalty_feature_lazy: ]
[cegb_penalty_feature_coupled: ]
[path_smooth: 0]
[interaction_constraints: ]
[verbosity: -1]
[saved_feature_importance_type: 0]
[use_quantized_grad: 0]
[num_grad_quant_bins: 4]
[quant_train_renew_leaf: 0]
[stochastic_rounding: 1]
[linear_tree: 0]
[max_bin: 255]
[max_bin_by_feature: ]
[min_data_in_bin: 3]
[bin_construct_sample_cnt: 200000]
[data_random_seed: 113]
[is_enable_sparse: 1]
[enable_bundle: 1]
[use_missing: 1]
[zero_as_missing: 0]
[feature_pre_filter: 1]
[pre_partition: 0]
[two_round: 0]
[header: 0]
[label_column: ]
[weight_column: ]
[group_column: ]
[ignore_column: ]
[categorical_feature: ]
[forcedbins_filename: ]
[precise_float_parser: 0]
[parser_config_file: ]
[objective_seed: 16714]
[num_class: 1]
[is_unbalance: 0]
[scale_pos_weight: 1]
[sigmoid: 1]
[boost_from_average: 1]
[reg_sqrt: 0]
[alpha: 0.9]
[fair_c: 1]
[poisson_max_delta_step: 0.7]
[tweedie_variance_power: 1.5]
[lambdarank_truncation_level: 30]
[lambdarank_norm: 1]
[label_gain: ]
[lambdarank_position_bias_regularization: 0]
[eval_at: ]
[multi_error_top_k: 1]
[auc_mu_weights: ]
[num_machines: 1]
[local_listen_port: 12400]
[time_out: 120]
[machine_list_filename: ]
[machines: ]
[gpu_platform_id: -1]
[gpu_device_id: -1]
[gpu_device_id_list: ]
[gpu_use_dp: 0]
[num_gpu: 1]

end of parameters

pandas_categorical:null
