tree
version=v4
num_class=1
num_tree_per_iteration=1
label_index=0
max_feature_idx=51
objective=binary sigmoid:1
feature_names=a2_score has_code_fence prompt_approx_tokens prompt_chars embedding_00 embedding_01 embedding_02 embedding_03 embedding_04 embedding_05 embedding_06 embedding_07 embedding_08 embedding_09 embedding_10 embedding_11 embedding_12 embedding_13 embedding_14 embedding_15 embedding_16 embedding_17 embedding_18 embedding_19 embedding_20 embedding_21 embedding_22 embedding_23 embedding_24 embedding_25 embedding_26 embedding_27 embedding_28 embedding_29 embedding_30 embedding_31 embedding_32 embedding_33 embedding_34 embedding_35 embedding_36 embedding_37 embedding_38 embedding_39 embedding_40 embedding_41 embedding_42 embedding_43 embedding_44 embedding_45 embedding_46 embedding_47
feature_infos=[1.1430200399814536:2.1550852171852997] none [8:965] [34:3860] [-0.41087217443874041:0.61782155193190347] [-0.48471791416315496:0.50738849249045237] [-0.58520573598065284:0.1637091018140116] [-0.457495710997814:0.48970210687439175] [-0.41646336503628284:0.36980013081681939] [-0.46164353574848277:0.27910827799011501] [-0.49030428616306426:0.35382651028683815] [-0.41130179815941625:0.42628184178677897] [-0.7761441759351253:0.25514595333753737] [-0.25087260300212721:0.56200266417119338] [-0.38669459561826541:0.57796492950336786] [-0.48622141449773226:0.48730810225589299] [-0.55001909821692674:0.39036002917941331] [-0.23408229439226114:0.70149986857704305] [-0.3596943895981084:0.42459591394742019] [-0.3481553119113957:0.47546492756792713] [-0.3245134270208202:0.52075564392329554] [-0.39082557499682519:0.32882426898275152] [-0.41281254969226883:0.45401858887714786] [-0.49763795114508702:0.41301708893558936] [-0.53839652650374503:0.42173074971558477] [-0.30845685446746224:0.51089105201080265] [-0.40388187304691769:0.36099410255771208] [-0.2290393337255473:0.6393508022779113] [-0.40927275453502904:0.33633639699815621] [-0.42444648726183282:0.25630729731502827] [-0.73874861306336814:0.21031022607861385] [-0.4681734716045628:0.40689422938557973] [-0.30599503068105227:0.41130179815941625] [-0.2520988421229669:0.59213690821293896] [-0.43249857361756672:0.4493247650413843] [-0.64379044019311227:0.34731435582359393] [-0.48314531438551706:0.27044936151312532] [-0.3576777653141881:0.55381861969499646] [-0.5121475197315839:0.33776026473659926] [-0.53951250094920478:0.43748483228844198] [-0.63167616570923679:0.68475227121768012] [-0.48949020986880254:0.48218561322280346] [-0.46114398896535042:0.38087317795088099] [-0.44766148103584524:0.36014120303280989] [-0.39773369280899523:0.42008402520840299] [-0.48434471241406046:0.48800932206302489] [-0.75925660236529657:0.33806170189140661] [-0.51314236049113426:0.3563249516154553] [-0.43560684186903209:0.43070552164653242] [-0.42111744380615784:0.62985816774525505] [-0.35666297896665838:0.37577968896651326] [-0.51047656089015592:0.41650600860529929]
tree_sizes=1691 1739 1741 1745 1745 1751 1749 1742 1749 1736 1744 1737 1741 1749 1746 1753 1740 1742 1753 1748 1745 1738 1748 1746 1753 1748 1752 1744 1752 1738

Tree=0
num_leaves=15
num_cat=0
split_feature=49 32 47 12 29 17 6 27 42 42 43 12 26 30
split_gain=268.104 49.2268 33.5842 32.351 23.8032 21.7153 17.763 17.4685 20.2822 17.7325 17.0681 14.7912 14.7683 14.4811
threshold=0.064746031227456216 0.044367889943113199 -0.17905356339305598 -0.26837111042374201 0.033333348765446004 0.32910740267916577 -0.070597248671188453 0.091478020888058412 0.090820524066900443 -0.10629911878466246 0.036945298132306688 -0.2048271620701306 -0.092499497690377172 -0.38560214123017295
decision_type=2 2 2 2 2 2 2 2 2 2 2 2 2 2
left_child=6 4 -3 7 5 10 12 9 -9 -4 11 -2 -1 -6
right_child=1 2 3 -5 13 -7 -8 8 -10 -11 -12 -13 -14 -15
leaf_value=0.27870561530756188 0.38960914041979061 0.32627297599435312 0.33694785365682267 0.36713287018035912 0.40213471502070114 0.4072377268951462 0.25910458219697036 0.40406848794154349 0.31293014206165237 0.38742934799450074 0.31179458172695446 0.31700154131044739 0.35105252472651155 0.30605408040308268
leaf_weight=17.418906927108768 23.950997024774551 27.096077442169189 22.499421447515488 189.67254209518433 4.3547267317771903 19.59627029299736 50.80514520406723 206.84951975941658 6.2901608347892752 76.691576331853867 22.015562921762466 9.9190997779369336 11.854533880949019 39.434469848871231
leaf_count=72 99 112 93 784 18 81 210 855 26 317 91 41 49 163
internal_value=0.363293 0.373953 0.380494 0.383421 0.344935 0.361948 0.27698 0.393312 0.401379 0.375979 0.346068 0.368345 0.308003 0.315609
internal_weight=728.449 648.37 529.099 502.003 119.271 75.4819 80.0786 312.331 213.14 99.191 55.8857 33.8701 29.2734 43.7892
internal_count=3011 2680 2187 2075 493 312 331 1291 881 410 231 140 121 181
is_linear=0
shrinkage=1


Tree=1
num_leaves=15
num_cat=0
split_feature=49 49 2 32 0 12 28 27 26 27 2 47 21 36
split_gain=239.256 42.9475 33.948 39.8692 23.0063 21.9009 21.3238 18.8297 15.0757 14.8619 23.6169 14.5564 14.517 14.5094
threshold=0.093266586136931076 0.36942577350508499 222.50000000000003 0.059339358801842823 1.836049013337901 -0.19073437245208599 -0.10383595793738511 0.038742236780372433 -0.054951696032370982 0.057863783264304448 74.500000000000014 -0.15776891650706221 0.13488905876507482 -0.23809898756750078
decision_type=2 2 2 2 2 2 2 2 2 2 2 2 2 2
left_child=4 2 3 13 -1 9 -5 -8 -6 10 -3 -9 -4 -2
right_child=1 5 12 6 8 -7 7 11 -10 -11 -12 -13 -14 -15
leaf_value=-0.086552381056647185 0.015853604338014422 -0.054305966815296564 0.033845247278875432 -0.047485098152266564 -0.058329259224288436 -0.02042114504557874 -0.02459579911583621 -0.037877952443105274 0.072263239094656054 0.034917772170043812 0.023206307699156256 0.022346273335797303 -0.049983488898279103 -0.045978830217266502
leaf_weight=77.963295429944992 10.881447136402128 12.579507902264593 71.99041174352169 18.583773791790009 5.1413238346576691 24.688457876443863 33.379607304930687 10.930845767259596 3.8759960085153562 211.35216899216175 44.912049621343613 122.21569108963013 5.5636465102434149 74.069512337446213
leaf_count=318 45 52 298 77 21 102 138 45 16 878 186 507 23 305
internal_value=8.34272e-06 0.0105651 -0.00132647 -0.00969982 -0.0778071 0.0246477 0.00331466 0.00898375 -0.00219551 0.0287864 0.00624614 0.0174021 0.0278315 -0.0380587
internal_weight=728.128 641.147 347.615 270.061 86.9806 293.532 185.11 166.526 9.01732 268.844 57.4916 133.147 77.5541 84.951
internal_count=3011 2656 1438 1117 355 1218 767 690 37 1116 238 552 321 350
is_linear=0
shrinkage=0.05


Tree=2
num_leaves=15
num_cat=0
split_feature=49 49 2 32 0 47 28 27 12 47 26 21 30 16
split_gain=214.22 39.0234 30.7458 35.8892 20.3233 20.2749 22.0346 20.9799 19.9005 13.9102 13.6637 13.1339 12.2172 12.0064
threshold=0.093266586136931076 0.36942577350508499 222.50000000000003 0.044367889943113199 1.836049013337901 -0.16467757132200561 -0.098294852497893881 0.089777586519286648 -0.19073437245208599 -0.11286695887632324 -0.054951696032370982 0.13488905876507482 -0.19075688645804531 -0.30208565398047721
decision_type=2 2 2 2 2 2 2 2 2 2 2 2 2 2
left_child=4 2 3 -2 -1 -5 -7 -8 9 12 -6 13 -3 -4
right_child=1 8 11 5 10 6 7 -9 -10 -11 -12 -13 -14 -15
leaf_value=-0.081375131241564189 -0.04048026956339118 -0.019590626792646629 -0.12432733290215568 -0.052353787478481698 -0.054988624677144451 -0.042612813016226568 -0.0076852630920946283 0.028165712461843063 -0.019329806694013327 0.032573797461790628 0.06963388120636993 -0.047078800258939013 0.034269318352607811 0.035045174841968195
leaf_weight=78.755002319812775 68.472015202045441 26.502103596925735 1.2019464224576939 16.135061338543892 5.1799223572015762 20.652765318751335 73.693283528089523 91.445620477199554 24.775893688201904 223.31402735412121 3.8225820958614332 5.6103022247552863 17.468861505389214 70.324344143271446
leaf_count=318 280 110 5 66 21 85 305 381 102 933 16 23 73 293
internal_value=1.51901e-05 0.0100664 -0.00125548 -0.0091986 -0.0732399 0.0014088 0.00607781 0.0121672 0.0235387 0.0275124 -0.00207227 0.0265888 0.00180695 0.032367
internal_weight=727.354 639.596 347.535 270.399 87.7575 201.927 185.792 165.139 292.061 267.285 9.0025 77.1366 43.971 71.5263
internal_count=3011 2656 1438 1117 355 837 771 686 1218 1116 37 321 183 298
is_linear=0
shrinkage=0.05


Tree=3
num_leaves=15
num_cat=0
split_feature=49 49 2 32 12 0 36 27 2 22 28 36 26 43
split_gain=192.483 35.4572 27.8621 32.4843 18.0851 18.0661 17.2765 13.5247 20.8498 14.0842 13.2541 12.6486 12.4104 12.3262
threshold=0.093266586136931076 0.36942577350508499 222.50000000000003 0.059339358801842823 -0.19073437245208599 1.836049013337901 -0.17960557579835024 0.057863783264304448 74.500000000000014 0.28219938034970943 -0.030367545501063974 -0.23809898756750078 -0.054951696032370982 0.058912985344138739
decision_type=2 2 2 2 2 2 2 2 2 2 2 2 2 2
left_child=5 2 3 11 7 -1 -5 8 -3 -9 -8 -2 -7 -10
right_child=1 4 -4 6 -6 12 10 9 13 -11 -12 -13 -14 -15
leaf_value=-0.076821329701499352 0.016202024371019707 -0.051853273273445549 0.02541400865739676 0.019668423359561843 -0.018303844263384338 -0.051943962013006176 -0.03472757502525349 0.03397003776749604 0.032659223294190319 -0.063215187720981822 0.0029720058922606072 -0.041464272392450097 0.067228003745032405 -0.037903241385787656
leaf_weight=79.238325417041779 10.891076326370237 12.665511161088942 76.689544841647148 84.860076874494553 24.854303777217865 5.2085715681314468 37.060192301869392 204.78445744514465 37.026907294988632 3.7970951944589606 62.855497270822525 74.935809686779976 3.7629224807023984 7.4311516582965842
leaf_count=318 45 52 321 353 102 21 153 862 155 16 261 305 16 31
internal_value=2.03887e-05 0.00959404 -0.00118878 -0.00872808 0.0224822 -0.0692074 0.00307865 0.0262974 0.0047416 0.0322008 -0.0110113 -0.0341467 -0.00195955 0.0208647
internal_weight=726.061 637.852 347.292 270.603 290.559 88.2098 184.776 265.705 57.1236 208.582 99.9157 85.8269 8.97149 44.4581
internal_count=3011 2656 1438 1117 1218 355 767 1116 238 878 414 350 37 186
is_linear=0
shrinkage=0.05


Tree=4
num_leaves=15
num_cat=0
split_feature=49 32 47 12 2 6 43 39 27 42 51 5 26 21
split_gain=173.465 32.4194 26.0147 24.5161 20.3988 16.9256 16.2259 14.0186 13.8165 18.5579 15.5043 13.3394 13.0283 12.7033
threshold=0.093266586136931076 0.044367889943113199 -0.17905356339305598 -0.26837111042374201 264.50000000000006 -0.078150838567568423 0.025820099840491221 -1.0000000180025095e-35 0.091478020888058412 0.090820524066900443 0.1642227616851957 0.047140539376551001 -0.057459038037705835 0.1645575093135519
decision_type=2 2 2 2 2 2 2 2 2 2 2 2 2 2
left_child=5 4 -3 8 6 12 11 -8 10 13 -4 -2 -1 -10
right_child=1 2 3 -5 -6 -7 7 -9 9 -11 -12 -13 -14 -15
leaf_value=-0.061447918839983698 -0.020525240773435916 -0.032933951727080253 0.017833341899482606 0.0028208324645711165 0.034568014553969205 -0.082991411333594736 0.057008950114447565 -0.051568044559158713 0.036737394965886537 -0.051629904899558349 -0.042595180184064871 0.035418423296854233 0.0026725671164891922 -0.12692850674327888
leaf_weight=21.723976254463196 35.786102131009102 27.381404742598534 85.86428514122963 185.91256299614906 17.836512684822083 54.190396890044212 3.1838579326868048 44.849430724978447 200.4768923074007 6.2622990757226935 12.112016290426252 15.173539116978644 12.468967393040655 1.1926601231098164
leaf_count=87 147 112 359 774 75 217 13 182 850 26 50 63 51 5
internal_value=2.42403e-05 0.00914493 0.0144997 0.0171405 -0.0146522 -0.0656109 -0.0235207 -0.0443711 0.0258431 0.0331373 0.0103631 -0.00386768 -0.0380654 0.0357695
internal_weight=724.415 636.032 519.202 491.821 116.829 88.3833 98.9929 48.0333 305.908 207.932 97.9763 50.9596 34.1929 201.67
internal_count=3011 2656 2176 2064 480 355 405 195 1290 881 409 210 138 855
is_linear=0
shrinkage=0.05


Tree=5
num_leaves=15
num_cat=0
split_feature=49 49 2 32 28 27 12 47 23 19 6 19 47 25
split_gain=156.877 31.7396 25.7471 22.922 16.746 17.0401 15.708 15.2422 13.9407 13.5093 13.0845 12.8696 12.5599 11.7195
threshold=0.064746031227456216 0.36942577350508499 330.50000000000006 0.045360993180797192 -0.10383595793738511 -0.079430221182485453 -0.19506867398608979 -0.15776891650706221 0.16117275632220754 0.094571780288390986 -0.070597248671188453 0.084828507893613805 -0.11286695887632324 -1.0000000180025095e-35
decision_type=2 2 2 2 2 2 2 2 2 2 2 2 2 2
left_child=10 2 3 9 11 -6 12 -7 -9 -2 -1 -5 13 -3
right_child=1 6 -4 4 5 7 -8 8 -10 -11 -12 -13 -14 -15
leaf_value=-0.038577658108385676 -0.039395350769339726 -0.039263595826068039 0.037453117033801518 -0.0597542800420853 -0.077722496485760545 -0.035885259125770161 -0.015709341838308997 0.016930507335510769 -0.040472071998852895 0.0071430137284451082 -0.079946156889915077 0.021120580382370767 0.029363940983424344 0.017145436094150195
leaf_weight=30.082869336009026 65.605450630187988 13.263303518295286 37.572686210274696 17.618161603808407 5.8182864487171164 17.205112218856812 26.836963564157486 169.99368940293789 11.278734490275381 20.455976039171219 52.423574388027191 6.8243845552206031 217.44280304014683 30.11265167593956
leaf_count=121 266 55 159 72 24 70 110 712 47 84 210 28 926 127
internal_value=2.69418e-05 0.00839191 -0.00166829 -0.0063376 0.00193828 0.00661778 0.0207154 0.00909018 0.0133589 -0.0283336 -0.0648627 -0.0371739 0.0244634 -0.000103063
internal_weight=722.535 640.028 352.372 314.8 228.738 204.296 287.656 198.478 181.272 86.0614 82.5064 24.4425 260.819 43.376
internal_count=3011 2680 1462 1303 953 853 1218 829 759 350 331 100 1108 182
is_linear=0
shrinkage=0.05


Tree=6
num_leaves=15
num_cat=0
split_feature=49 49 2 32 28 27 12 6 47 39 34 26 12 46
split_gain=142.172 28.146 22.7431 20.2883 14.5533 15.2931 14.3091 14.3002 13.8593 13.5432 13.4952 12.6199 12.5319 14.7937
threshold=0.07415146371300875 0.36942577350508499 330.50000000000006 0.045360993180797192 -0.10383595793738511 -0.079430221182485453 -0.19073437245208599 -0.070597248671188453 -0.15776891650706221 0.1089918983841454 -0.11127340902388701 -0.092499497690377172 -0.26916386671941833 -0.14221794815602271
decision_type=2 2 2 2 2 2 2 2 2 2 2 2 2 2
left_child=7 2 3 9 -5 -6 -3 11 -7 -2 -10 -1 13 -12
right_child=1 6 -4 4 5 8 -8 -9 10 -11 12 -13 -14 -15
leaf_value=-0.06053107712817183 -0.003071454598948226 0.023251217861174591 0.036095013389299373 -0.034480275462995834 -0.072951154697749251 -0.033946795445009254 -0.016353617282410748 -0.076593867334707355 0.031137890827809524 -0.043445407644001746 -0.127314929474247 0.0030031134847995147 -0.01364959644385918 0.023816610358279314
leaf_weight=18.981095597147942 35.782307177782059 261.10282345116138 36.307644233107567 24.302660822868347 5.8869851082563391 17.276269316673279 24.989086240530014 52.96290747821331 65.039444163441658 49.511798620223999 1.6683037281036366 13.287392258644102 58.251511678099632 55.038838252425194
leaf_count=76 146 1116 155 99 24 70 102 213 274 200 7 54 243 232
internal_value=2.88766e-05 0.00816566 -0.00136312 -0.00571158 0.00208658 0.00646079 0.0197919 -0.0606077 0.00883058 -0.0265079 0.0129364 -0.0343692 0.00263859 0.0193704
internal_weight=720.389 635.158 349.066 312.758 227.464 203.161 286.092 85.2314 197.274 85.2941 179.998 32.2685 114.959 56.7071
internal_count=3011 2668 1450 1295 949 850 1218 343 826 346 756 130 482 239
is_linear=0
shrinkage=0.05


Tree=7
num_leaves=15
num_cat=0
split_feature=49 49 2 36 16 0 47 27 10 3 12 28 45 12
split_gain=129.006 24.9596 21.5614 24.7492 16.2314 14.7873 13.9855 13.899 16.354 13.6546 15.5754 12.7236 13.6687 12.6679
threshold=0.093266586136931076 0.36942577350508499 222.50000000000003 -0.17960557579835024 -0.17546908424021621 1.836049013337901 -0.15016455951132121 0.038742236780372433 0.11748917113983398 250.50000000000003 -0.079126518018908298 -0.13870534763650019 0.043193477658461009 -0.3307279034624292
decision_type=2 2 2 2 2 2 2 2 2 2 2 2 2 2
left_child=5 2 3 4 -2 -1 -6 -5 -9 -3 -11 -8 13 -13
right_child=1 9 -4 7 6 -7 11 8 -10 10 -12 12 -14 -15
leaf_value=-0.063689054851027202 0.041483203721254101 -0.01163972007873058 0.022538523890548307 -0.043375855549656055 -0.045297118106746741 0.0041111008101907959 -0.085450324841466974 -0.018280178635858593 0.039242694894825444 0.024490076517058999 -0.070220412099069082 0.038643678357817859 0.055226229846912236 -0.015962875609929501
leaf_weight=78.795204609632492 30.209319353103638 32.423204004764557 75.459910899400711 46.846605688333511 14.843448579311369 8.9561318308114988 3.4415591061115256 95.602514505386353 14.190150082111357 247.76365782320499 4.4183391481637946 15.282036155462256 14.910359114408491 34.819988787174232
leaf_count=318 127 137 321 190 60 37 14 394 59 1063 18 65 63 145
internal_value=2.98028e-05 0.00793856 -0.0010912 -0.0076917 0.0100866 -0.0567692 -0.0012999 -0.0205746 -0.0108456 0.0189037 0.0228307 0.00824039 0.0132001 0.000693124
internal_weight=717.962 630.211 345.606 270.146 113.507 87.7513 83.2974 156.639 109.793 284.605 252.182 68.4539 65.0124 50.102
internal_count=3011 2656 1438 1117 474 355 347 643 453 1218 1081 287 273 210
is_linear=0
shrinkage=0.05


Tree=8
num_leaves=15
num_cat=0
split_feature=49 49 3 43 27 46 31 27 3 12 22 25 23 43
split_gain=117.402 24.8694 19.8097 16.2344 17.8508 15.8187 13.5814 13.4565 18.5468 15.0696 13.4194 12.1567 13.834 12.0942
threshold=0.036916455896751778 0.36942577350508499 1327.5000000000002 1.0000000180025095e-35 -0.060453710565398534 0.095782817472032419 -0.24795513386336085 0.057863783264304448 301.50000000000006 -0.23028713690167385 0.28219938034970943 0.053000050822961921 -0.12882026058314205 0.057699069998107144
decision_type=2 2 2 2 2 2 2 2 2 2 2 2 2 2
left_child=-1 2 3 4 -2 11 -6 8 -3 10 -9 -5 -13 -10
right_child=1 7 -4 5 6 -7 -8 9 13 -11 -12 12 -14 -15
leaf_value=-0.058913740827729745 -0.071620133254733778 -0.052177389954910051 0.032253462238966649 -0.010022682624650513 -0.056156550659843277 0.035331304274440978 0.009262125362370836 0.030867489454530234 0.023258554463057579 -0.0091331390956262953 -0.070864649541371366 0.082034181018150035 -0.047857323327198019 -0.044384475288712727
leaf_weight=75.554436907172203 7.6476125866174689 14.375102028250692 38.161102369427681 59.826074451208115 8.3061016350984556 11.770616069436072 177.01545761525631 186.60003454983234 41.1803297996521 29.819490373134613 3.2988870441913596 2.1340730637311927 51.952403903007507 7.8710508644580832
leaf_count=307 31 59 165 248 34 49 738 812 176 124 14 9 212 33
internal_value=3.09801e-05 0.00699008 -0.00179024 -0.00586724 0.0032408 -0.0198514 0.00633006 0.0180549 -0.00223271 0.0239113 0.0291002 -0.0255534 -0.0427322 0.0124042
internal_weight=715.513 639.958 356.813 318.652 192.969 125.683 185.322 283.145 63.4265 219.718 189.899 113.913 54.0865 49.0514
internal_count=3011 2704 1486 1321 803 518 772 1218 268 950 826 469 221 209
is_linear=0
shrinkage=0.05


Tree=9
num_leaves=15
num_cat=0
split_feature=49 32 47 12 45 0 2 27 42 51 22 19 37 48
split_gain=106.931 21.8698 19.2189 18.1304 15.6343 13.0418 12.0283 11.8169 18.4099 11.8016 11.802 10.2205 10.7682 12.5322
threshold=0.093266586136931076 0.044367889943113199 -0.17905356339305598 -0.26837111042374201 -0.047245647401170536 1.836049013337901 242.50000000000003 0.12082502218243298 0.090820524066900443 0.1642227616851957 0.29570756883131 0.10286916995621191 0.048443128173234963 -1.0000000180025095e-35
decision_type=2 2 2 2 2 2 2 2 2 2 2 2 2 2
left_child=5 4 6 7 -2 -1 -3 9 -9 10 -4 12 13 -5
right_child=1 2 3 11 -6 -7 -8 8 -10 -11 -12 -13 -14 -15
leaf_value=-0.058580132782243804 0.013207964088623495 -0.038583465690936847 0.019620474650783828 -0.038981538099883757 -0.025462173000643962 0.005184808315446072 0.084233322678366182 0.038828192839844754 -0.061224411473786981 -0.025514126889103251 -0.087006722894348631 0.01927440392981503 0.010171389339511862 0.0030669316517035051
leaf_weight=77.773057714104652 39.607137590646744 25.364922150969509 166.42937144637108 37.499301910400391 76.857566192746162 8.9407116919755918 2.163600265979766 106.76798957586288 4.8045160323381415 17.2005315721035 2.6362459063529959 57.125638753175735 56.219273090362549 33.59544962644577
leaf_count=318 165 103 720 156 315 37 9 467 20 72 11 241 236 141
internal_value=3.21812e-05 0.00723735 0.0117032 0.0140226 -0.0123113 -0.0520056 -0.0289307 0.0216515 0.0345197 0.0139435 0.0179578 0.00170324 -0.00618092 -0.0191118
internal_weight=712.985 626.272 509.807 482.278 116.465 86.7138 27.5285 297.839 111.573 186.266 169.066 184.44 127.314 71.0948
internal_count=3011 2656 2176 2064 480 355 112 1290 487 803 731 774 533 297
is_linear=0
shrinkage=0.05


Tree=10
num_leaves=15
num_cat=0
split_feature=49 49 19 37 34 32 23 9 27 2 12 22 26 30
split_gain=97.4703 21.6303 18.2613 17.5025 16.0127 14.5689 14.463 13.3048 11.7961 16.4509 13.1677 11.5216 11.0203 10.9701
threshold=0.036916455896751778 0.36942577350508499 0.070234912234676206 0.036563645712661803 -0.11289062263597088 0.056614069803398219 0.12238528236981079 -0.037267826583801497 0.057863783264304448 74.500000000000014 -0.23028713690167385 0.28219938034970943 -0.034401118076558497 -0.27399323333609388
decision_type=2 2 2 2 2 2 2 2 2 2 2 2 2 2
left_child=-1 2 3 4 13 7 -7 -5 9 -3 11 -10 -9 -2
right_child=1 8 -4 5 -6 6 -8 12 10 -11 -12 -13 -14 -15
leaf_value=-0.054129649608478436 0.04130340872426063 -0.050093543684887269 0.011547107464780139 -0.042208970867958835 -0.042189733627349194 0.020053372085156226 -0.042974063552594116 -0.038406914616870458 0.028885547472691182 0.011338727813512785 -0.0085402449087368191 -0.064434425956224659 0.071146136482052938 -0.027404839512333901
leaf_weight=74.368263825774193 11.47213949263096 13.991749092936514 148.66941693425179 28.362146869301796 61.659504175186157 73.831551060080528 10.381911382079123 3.8929549604654312 183.85537411272526 49.281349986791611 29.871840387582779 3.3681210279464713 5.5942467451095563 11.769337877631186
leaf_count=307 48 57 626 115 253 313 43 16 812 211 124 14 23 49
internal_value=3.28989e-05 0.00636618 -0.00182103 -0.0114238 -0.0288583 0.000702706 0.0122833 -0.0250637 0.0167512 -0.00224595 0.022288 0.0272067 0.0261924 0.00650998
internal_weight=710.37 636.002 355.633 206.964 84.901 122.063 84.2135 37.8493 280.368 63.2731 217.095 187.223 9.4872 23.2415
internal_count=3011 2704 1486 860 350 510 356 154 1218 268 950 826 39 97
is_linear=0
shrinkage=0.05


Tree=11
num_leaves=15
num_cat=0
split_feature=49 32 47 12 25 2 6 21 36 26 5 2 27 42
split_gain=88.9354 18.7706 16.882 16.0965 14.0748 13.3141 13.2208 11.901 11.2297 11.1545 11.1216 10.9431 10.6082 16.793
threshold=0.07415146371300875 0.044367889943113199 -0.17905356339305598 -0.26837111042374201 0.12460877217855722 257.50000000000006 -0.070597248671188453 0.10469275321600459 -0.23809898756750078 -0.095837644409595968 -0.036466465512217709 242.50000000000003 0.12082502218243298 0.090820524066900443
decision_type=2 2 2 2 2 2 2 2 2 2 2 2 2 2
left_child=6 4 11 12 5 8 9 -7 -2 -1 -6 -3 -4 -14
right_child=1 2 3 -5 10 7 -8 -9 -10 -11 -12 -13 13 -15
leaf_value=-0.049763168621606131 0.03757552036409742 -0.03653653633581113 0.012784385533196481 0.0012859160801909587 0.024908188388096435 0.062432212193205841 -0.064636111983423353 -0.071686444333488697 -0.017836994585633075 0.0099817249246458919 -0.053111632327162456 0.081573061066691654 0.036616087718771811 -0.058658170969834757
leaf_weight=17.752925440669063 10.745760664343832 25.414314106106762 184.71277320384979 185.23897230625153 5.5140023380517951 11.967611625790594 50.688661649823189 1.9193008393049229 61.303155496716499 13.952549964189528 26.615008786320686 2.1251392960548392 104.86572995781898 4.8384618312120429
leaf_count=73 45 103 803 779 23 52 213 8 251 57 108 9 467 20
internal_value=3.33209e-05 0.00646782 0.0106476 0.0128334 -0.011488 -0.000932206 -0.0487958 0.0438958 -0.00957248 -0.0234714 -0.0397218 -0.0274224 0.0200987 0.0324141
internal_weight=707.654 625.26 507.195 479.656 118.065 85.9358 82.3941 13.8869 72.0489 31.7055 32.129 27.5395 294.417 109.704
internal_count=3011 2668 2181 2069 487 356 343 60 296 130 131 112 1290 487
is_linear=0
shrinkage=0.05


Tree=12
num_leaves=15
num_cat=0
split_feature=49 49 29 12 47 28 2 27 35 17 17 41 2 29
split_gain=81.2666 18.8976 19.0595 16.8236 17.2949 12.3828 12.322 16.7794 12.5564 11.4562 10.8803 10.7088 10.4637 9.99426
threshold=0.036916455896751778 0.3250822339585131 0.024619061205634247 -0.19073437245208599 -0.11470833239352941 0.11094952373167111 133.50000000000003 0.077040848188694569 0.10011357791155064 0.343921477103521 0.41600994453657514 -0.055385072991727999 73.500000000000014 -0.050767434716937128
decision_type=2 2 2 2 2 2 2 2 2 2 2 2 2 2
left_child=11 2 6 4 5 -3 7 12 -8 -5 -9 -1 -2 -6
right_child=1 3 -4 9 13 -7 8 10 -10 -11 -12 -13 -14 -15
leaf_value=-0.027572679693970887 0.087875495173447282 -0.0017303618841276081 -0.021589267655804149 -0.032890448990831031 0.0026870460316523064 -0.093581424287024942 0.021219851027878725 0.012074926869526137 -0.073982849055639205 0.025436636864196383 -0.097164497504344943 -0.066391408526860193 -0.064592472158444103 0.026579790969769881
leaf_weight=30.768564566969872 1.2122324854135538 56.067511051893234 101.2279369533062 30.656893819570541 54.507642522454262 3.9263106435537329 90.498715728521347 38.371810406446457 3.6012516170740119 11.605607405304907 2.4233675897121421 42.042884215712547 15.691585943102835 222.14379712939262
leaf_count=128 5 238 420 125 238 16 385 161 15 48 10 179 64 979
internal_value=3.28119e-05 0.00579614 -0.00478471 0.0128618 0.0165948 -0.00774158 0.0064215 -0.0117708 0.0175764 -0.0168734 0.00558575 -0.0499874 -0.0536585 0.0218723
internal_weight=704.746 631.935 253.027 378.908 336.645 59.9938 151.799 57.699 94.1 42.2625 40.7952 72.8114 16.9038 276.651
internal_count=3011 2704 1060 1644 1471 254 640 240 400 173 171 307 69 1217
is_linear=0
shrinkage=0.05


Tree=13
num_leaves=15
num_cat=0
split_feature=49 31 47 12 12 16 2 45 27 7 44 28 43 27
split_gain=74.2503 18.0945 16.2764 15.3807 15.648 16.2767 15.1311 17.1124 12.2621 12.0684 13.3615 12.9988 11.9834 11.7509
threshold=0.093266586136931076 -0.24795513386336085 -0.15776891650706221 -0.5151983624331008 -0.21414577973396764 -0.18690805954686487 315.50000000000006 -0.1895125535433303 0.077040848188694569 -0.070650273621881574 0.10187986973715817 0.049728829839669648 0.066154387430319914 1.0000000180025095e-35
decision_type=2 2 2 2 2 2 2 2 2 2 2 2 2 2
left_child=-1 -2 12 -4 13 -6 7 -7 -8 11 -11 -9 -3 -5
right_child=1 2 3 4 5 6 8 9 -10 10 -12 -13 -14 -15
leaf_value=-0.044225004021282599 -0.048910267022090975 -0.0039805882966059891 -0.0301911180150869 -0.0069588566619654697 0.039708042927182385 0.082438917207735496 0.052272279823944827 -0.017145546925647483 -0.042121456819415287 -0.028922489840408735 -0.096865530123219926 0.067393181915161859 -0.055346851931281561 0.01951896945330368
leaf_weight=83.49798221886158 14.644388496875761 41.333744525909424 22.824641615152359 47.46235927939415 17.916338354349136 3.8021930307149878 13.897282868623735 21.566198587417606 4.5724467039108267 42.663707837462425 8.7140669822692853 5.7619437575340262 15.654751002788542 357.74398064613342
leaf_count=355 60 171 93 200 75 16 61 89 20 176 36 24 63 1572
internal_value=3.23469e-05 0.00600656 0.00733825 0.00998792 0.0117377 -0.00421186 -0.0120045 -0.021162 0.0289038 -0.0261668 -0.0404462 0.000678841 -0.0180909 0.0164176
internal_weight=702.056 618.558 603.914 546.925 524.101 118.894 100.978 82.5081 18.4697 78.7059 51.3778 27.3281 56.9885 405.206
internal_count=3011 2656 2596 2362 2269 497 422 341 81 325 212 113 234 1772
is_linear=0
shrinkage=0.05


Tree=14
num_leaves=15
num_cat=0
split_feature=49 49 29 47 12 46 7 2 27 35 32 23 32 47
split_gain=68.2607 16.1239 16.7078 14.3497 14.2283 12.5729 12.249 10.94 14.8893 11.2241 10.463 9.7412 12.4011 13.8896
threshold=0.036916455896751778 0.3250822339585131 0.024619061205634247 -0.11470833239352941 -0.19073437245208599 0.057928689257594985 -0.048443128173234949 133.50000000000003 0.069006886006928725 0.10011357791155064 -0.083285111209733989 0.11664287475765682 0.061242073719900016 -0.15016455951132121
decision_type=2 2 2 2 2 2 2 2 2 2 2 2 2 2
left_child=10 2 7 5 -5 6 -3 8 -2 -9 -1 12 -4 -14
right_child=1 3 11 4 -6 -7 -8 9 -10 -11 -12 -13 13 -15
leaf_value=0.0681762568698909 -0.054391900331075008 -5.6453957447069615e-05 -0.037007129263292936 0.020259912201079741 -0.013606601048381607 0.039217469213352708 -0.047983007642925173 0.020087450246777102 0.0038333496805446096 -0.069838362331000506 -0.049582154580045695 -0.064282859340309514 -0.096690292647182458 0.0074053128135388308
leaf_weight=1.9391420036554325 14.76277834177017 34.19353723526001 36.922357246279716 273.50057941675186 34.980276629328728 11.231766998767851 21.851381614804268 89.850139454007149 42.847007364034653 3.6093430221080771 69.236343145370483 11.150136634707449 3.4249741137027732 49.790700301527977
leaf_count=8 60 145 150 1217 143 49 90 385 180 15 299 46 14 210
internal_value=3.28476e-05 0.00529147 -0.00448387 0.0118566 0.0164196 -0.0090662 -0.0187426 0.00605061 -0.0110871 0.0166146 -0.0463739 -0.0201958 -0.0147422 0.000705694
internal_weight=699.29 628.115 252.357 375.758 308.481 67.2767 56.0449 151.069 57.6098 93.4595 71.1755 101.288 90.138 53.2157
internal_count=3011 2704 1060 1644 1360 284 235 640 240 400 307 420 374 224
is_linear=0
shrinkage=0.05


Tree=15
num_leaves=15
num_cat=0
split_feature=49 31 42 26 19 19 16 11 47 12 21 14 33 41
split_gain=62.3801 15.0913 14.3538 14.2437 15.4664 14.4429 15.2886 12.6019 12.1697 14.8144 11.2118 11.0344 11.4545 10.4139
threshold=0.036916455896751778 -0.24795513386336085 -0.044367889943113185 -0.11796244872723786 0.05360579273336042 -0.053300340404798661 -0.13224299194466602 0.052128747863361712 -0.15776891650706221 -0.095106970136859634 0.13488905876507482 0.13951139312700359 0.15990102121439603 -0.055385072991727999
decision_type=2 2 2 2 2 2 2 2 2 2 2 2 2 2
left_child=13 -2 8 11 5 -5 -7 -8 -3 10 -10 -4 -13 -1
right_child=1 2 3 4 -6 6 7 -9 9 -11 -12 12 -14 -15
leaf_value=-0.022370133903173602 -0.044630444207012211 -0.016353000354849604 -0.053735398504954762 0.025244394410560866 0.015498148659125422 0.0082553238425980557 -0.039619220348484731 0.015909135270791654 0.02028182595096862 -0.046498582323024742 -0.035799611774341211 -0.11794807624005495 0.034729906969437174 -0.061273516449215748
leaf_weight=30.057418078184128 14.924102574586867 31.137771651148796 21.53542156517506 24.736383557319641 114.7554394453764 39.27006109058857 61.379330709576607 12.258113995194433 278.39354491233826 9.0457782000303251 9.2067736685276014 1.4526862651109675 7.9590443819761276 40.219952717423439
leaf_count=128 61 128 90 107 495 168 258 52 1229 37 39 6 34 179
internal_value=3.19639e-05 0.00504599 0.00625911 -0.00198268 0.00194277 -0.00935852 -0.0169395 -0.0303756 0.0133836 0.0165049 0.0184865 -0.0339979 0.0111643 -0.0446347
internal_weight=696.332 626.054 611.13 283.346 252.399 137.644 112.908 73.6374 327.784 296.646 287.6 30.9472 9.41173 70.2774
internal_count=3011 2704 2643 1210 1080 585 478 310 1433 1305 1268 130 40 307
is_linear=0
shrinkage=0.05


Tree=16
num_leaves=15
num_cat=0
split_feature=49 34 19 16 9 49 16 15 40 47 35 17 2 27
split_gain=57.0614 14.0398 18.4069 13.8095 14.8316 13.5691 13.465 13.753 12.7422 11.9372 11.5226 11.3016 11.2189 10.6962
threshold=0.036916455896751778 -0.11185217029987482 0.05407398041149606 -0.044022607318638704 -0.026794516777084432 0.23053876267553444 -0.17546908424021621 0.19708357578906999 -0.18278836058743916 -0.2016049700505779 -0.22042673159380216 0.064018843204976209 280.50000000000006 0.11200777761858077
decision_type=2 2 2 2 2 2 2 2 2 2 2 2 2 2
left_child=-1 9 5 10 11 -3 8 -8 -7 -2 12 -5 -4 -11
right_child=1 2 3 4 -6 6 7 -9 -10 13 -12 -13 -14 -15
leaf_value=-0.043005134087056279 -0.038996996397712459 -0.038378783741063335 -0.060667266395309255 -0.10874882833065502 -0.046553827997405123 -0.096063128591142591 -0.015608364936471275 0.071649695037252742 0.025199827390022217 0.0069322805830262001 0.027117769461583969 0.016197045894236022 0.078421749276438135 0.028436631372582757
leaf_weight=69.323446795344353 10.125920698046682 36.597273841500282 7.0977191030979139 1.9123572409152974 17.637145265936852 2.2839578241109839 134.54462410509586 4.6725464314222327 42.06839807331562 130.63013361394405 97.388951599597931 33.757144048810005 1.821946322917938 103.75181767344475
leaf_count=307 41 151 30 8 74 10 578 20 184 564 424 145 8 467
internal_value=3.12358e-05 0.00481015 -0.00120624 0.0117218 -0.00904722 -0.0105787 -0.00503636 -0.0126797 0.0189553 0.0141551 0.022136 0.00949829 -0.0322567 0.0164514
internal_weight=693.613 624.29 379.782 159.615 53.3066 220.167 183.57 139.217 44.3524 244.508 106.309 35.6695 8.91967 234.382
internal_count=3011 2704 1632 689 227 943 792 598 194 1072 462 153 38 1031
is_linear=0
shrinkage=0.05


Tree=17
num_leaves=15
num_cat=0
split_feature=49 49 3 43 27 31 26 46 21 20 14 3 12 43
split_gain=52.1626 13.4951 14.2563 11.478 13.7877 12.3541 12.0206 11.6947 10.9017 10.2853 12.0706 11.6663 10.9416 10.4158
threshold=0.036916455896751778 0.36942577350508499 1433.5000000000002 0.024390295690990011 -0.060453710565398534 -0.24795513386336085 -0.17205301266085657 0.072500131144831226 0.057484114908223846 -0.056512062041269899 0.1802932286856597 250.50000000000003 -0.34674779171349729 0.10037807797483866
decision_type=2 2 2 2 2 2 2 2 2 2 2 2 2 2
left_child=-1 2 3 4 -2 -6 -5 -8 -7 10 -3 -11 -13 -14
right_child=1 9 -4 6 5 8 7 -9 -10 11 -12 12 13 -15
leaf_value=-0.041408264480736992 -0.059349938292779507 -0.049365167869197868 0.030478907208307305 -0.078311326268251769 -0.051305912507763535 0.014358371155534592 -0.019720336368033182 0.024233207974938043 -0.016863412787441273 -0.013939369118124151 0.058725081293110576 0.035058876694827538 0.015077228369051369 -0.037368692667757525
leaf_weight=68.420253321528435 8.6116460263729078 12.248449087142943 31.005939215421677 7.493865266442298 9.14987003803253 143.30803225934505 98.718306615948677 17.873598709702492 34.73554153740406 30.025651797652245 3.2730204910039893 73.642672255635262 142.41089572012424 10.141083985567091
leaf_count=307 35 53 140 31 37 611 411 76 145 130 15 340 636 44
internal_value=3.1556e-05 0.00458528 -0.00189253 -0.00503019 0.00250947 0.00535525 -0.0169276 -0.0129822 0.00826713 0.01295 -0.0265721 0.0153442 0.0192314 0.0115908
internal_weight=691.059 622.639 350.897 319.891 195.805 187.193 124.086 116.592 178.044 271.742 15.5215 256.22 226.195 152.552
internal_count=3011 2704 1486 1346 828 793 518 487 756 1218 68 1150 1020 680
is_linear=0
shrinkage=0.05


Tree=18
num_leaves=15
num_cat=0
split_feature=17 11 20 40 38 3 46 27 29 38 5 16 45 19
split_gain=47.7008 17.426 14.7335 14.3823 20.3458 15.3661 13.3382 12.8448 11.8915 13.0829 11.7192 11.5694 13.9997 11.3887
threshold=0.041817900710102017 -0.12368000889242496 0.043685262495930549 -0.044135116147088337 -0.18478963959834455 1341.5000000000002 0.037688946588985597 -0.060453710565398534 0.10444682375973531 -0.05521595550146511 0.12195474819859987 -0.17151391207036057 0.05994457739164006 -0.048853614285148547
decision_type=2 2 2 2 2 2 2 2 2 2 2 2 2 2
left_child=2 -2 -1 4 -3 6 10 -8 9 -9 11 12 13 -5
right_child=1 3 -4 5 -6 -7 7 8 -10 -11 -12 -13 -14 -15
leaf_value=-0.057213115751882371 -0.029197041959582483 -0.025815472089074362 0.0025848966585215465 -0.054328224015971011 0.019411055018576373 0.031414013743711645 -0.072021185629235471 0.036609962238103186 -0.057280644227699531 -0.0046431765366590312 0.030815664068278261 -0.020771786423210665 -0.070561359745333466 0.03774879332476095
leaf_weight=44.540804669260979 37.150063991546631 27.752339348196983 13.399784922599791 3.8978333920240429 239.21127341687679 32.986006125807762 4.388712838292121 48.980655550956726 5.2440024912357321 31.629791349172592 15.014439702033995 155.32865829765797 4.4362823069095603 24.258466318249702
leaf_count=206 157 121 57 17 1070 150 18 212 22 136 65 655 19 106
internal_value=3.16641e-05 0.00402278 -0.0433838 0.00610348 0.0147095 -0.000940501 -0.00458076 0.011412 0.015677 0.0204231 -0.0116926 -0.0150889 0.0119946 0.0250021
internal_weight=688.219 630.279 57.9406 593.128 266.964 326.165 293.179 90.2432 85.8544 80.6104 202.936 187.921 32.5926 28.1563
internal_count=3011 2748 263 2591 1191 1400 1250 388 370 348 862 797 142 123
is_linear=0
shrinkage=0.05


Tree=19
num_leaves=15
num_cat=0
split_feature=49 29 23 32 42 34 47 43 16 41 20 27 28 18
split_gain=43.9145 12.2737 15.3448 15.797 15.1557 12.0382 11.7254 13.3627 10.7849 9.94459 9.28113 8.87373 9.17296 9.54411
threshold=0.036916455896751778 0.02810503054819247 0.14404460751275741 0.048301584264523023 -0.020335498341275234 -0.17327972802237299 -0.10292195802679004 0.08134520434764507 -0.039043474495135844 -0.055385072991727999 0.10097961127022252 1.0000000180025095e-35 0.13511403860730287 -0.05643347943816162
decision_type=2 2 2 2 2 2 2 2 2 2 2 2 2 2
left_child=9 6 3 -3 8 -6 7 11 -5 -1 -4 -2 13 -13
right_child=1 2 10 4 5 -7 -8 -9 -10 -11 -12 12 -14 -15
leaf_value=-0.016613145852484142 -0.039799973813481382 -0.027399841161860151 -0.074129190154428246 0.030566947357209447 0.033782314146191969 -0.028537097264980511 0.013444996086513297 -0.042303678029633515 -0.0079338769424410482 -0.055588220605731591 0.076556158421251963 -0.05040747238189576 -0.10355413770706848 0.018925578812108299
leaf_weight=29.053574085235596 10.346729844808577 47.403921991586685 11.157268881797789 59.580149963498116 9.6747428774833661 38.934171736240387 328.28986003994942 20.407126143574715 26.182548090815544 37.47898967564106 1.1249051839113224 5.4214976429939261 1.7315593659877766 58.765735492110252
leaf_count=128 43 196 47 265 42 167 1455 84 113 179 5 23 7 257
internal_value=3.16241e-05 0.00418038 -0.00623835 -0.00258362 0.0061711 -0.0161335 0.00893806 -0.006367 0.018813 -0.0385685 -0.0603282 0.00324894 0.010006 0.0130694
internal_weight=685.553 619.02 194.058 181.776 134.372 48.6089 424.963 96.6726 85.7627 66.5326 12.2822 76.2655 65.9188 64.1872
internal_count=3011 2704 835 783 587 209 1869 414 378 307 52 330 287 280
is_linear=0
shrinkage=0.05


Tree=20
num_leaves=15
num_cat=0
split_feature=17 11 20 12 27 43 2 49 19 25 12 3 34 43
split_gain=40.7431 15.5075 13.1885 12.5428 20.0818 17.5378 12.1841 19.4271 11.5747 11.7605 11.1594 10.857 12.7731 10.0377
threshold=0.041817900710102017 -0.12368000889242496 0.043685262495930549 -0.18832972037936394 0.1114560456260605 0.10646450292629386 199.50000000000003 0.30965116487699124 0.18921997226846435 -0.052270983678104711 -0.36443974397260975 489.50000000000006 -0.17327972802237299 0.021879776030983702
decision_type=2 2 2 2 2 2 2 2 2 2 2 2 2 2
left_child=2 -2 -1 4 5 6 7 11 9 10 -9 13 -13 -3
right_child=1 3 -4 -5 -6 -7 -8 8 -10 -11 -12 12 -14 -15
leaf_value=-0.054163919221506589 -0.027635119291184618 -0.026206803540749304 0.0026995096260926175 -0.0098961652497347452 0.021255057320517495 -0.044557531228052824 0.03061496727316624 0.058635243828715516 0.076964343105803967 0.012248919190648242 -0.041410253228147981 0.070564059967901632 -0.018322058819335407 -0.10051364241200265
leaf_weight=43.010685220360756 37.155220523476601 11.921953096985819 13.365658029913901 106.11343103647232 199.27461412549019 20.029596373438835 36.909355685114861 3.2600619047880199 6.0587569028139105 130.67336019873619 19.22107207775116 4.4499729126691809 44.056797742843628 7.3447404354810706
leaf_count=206 157 50 57 451 905 84 164 15 27 581 83 19 182 30
internal_value=3.05866e-05 0.00369441 -0.0406828 0.00566968 0.00908803 0.000548538 0.00397207 -0.00036022 0.00918341 0.00650201 -0.0269023 -0.0227801 -0.0101677 -0.0545336
internal_weight=682.845 626.469 56.3763 589.314 483.2 283.926 263.896 226.987 159.213 153.154 22.4811 67.7735 48.5068 19.2667
internal_count=3011 2748 263 2591 2140 1235 1151 987 706 679 98 281 201 80
is_linear=0
shrinkage=0.05


Tree=21
num_leaves=15
num_cat=0
split_feature=17 11 20 19 49 12 3 7 33 25 26 9 14 43
split_gain=37.2967 13.9881 12.2859 12.1027 13.5909 15.8549 13.3094 15.2792 12.9215 13.3505 12.2685 12.1863 11.4165 11.4021
threshold=0.041817900710102017 -0.12368000889242496 0.043685262495930549 0.10783311492142045 0.3250822339585131 -0.1230916218032977 440.50000000000006 -0.048443128173234949 0.21209682915704206 -0.096787579965793333 -0.15964565399425726 0.11910332178483421 0.19818992588811288 -0.19968452755411639
decision_type=2 2 2 2 2 2 2 2 2 2 2 2 2 2
left_child=2 -2 -1 4 13 6 7 8 12 -10 -11 -8 -6 -3
right_child=1 3 -4 -5 5 -7 11 -9 9 10 -12 -13 -14 -15
leaf_value=-0.052440640136119057 -0.026193355495340694 0.080023693189522752 0.0025646706843603559 0.019405418115950326 -0.043355583003448606 -0.049162656615671881 0.033623637003653145 -0.022968364692764146 -0.047839462748078466 -0.14609734113606399 0.020823452310186216 -0.081639149899207883 0.043631316122084485 -0.011462540480410928
leaf_weight=42.223080545663834 37.238102868199348 3.4772578030824652 13.364962235093115 122.27528278529644 17.523433789610866 11.579417526721953 66.533930018544197 41.221102744340897 7.7469052970409384 1.1093431413173664 143.05478985607624 2.3750062435865393 4.8065378069877616 165.60762673616409
leaf_count=206 157 15 57 541 80 47 293 179 34 5 661 10 22 704
internal_value=3.0607e-05 0.00352374 -0.0392158 0.00540793 0.00172747 0.00818838 0.0105237 0.00440639 0.0108826 0.0161029 0.019539 0.029651 -0.0246316 -0.00958111
internal_weight=680.137 624.549 55.588 587.311 465.035 295.95 284.371 215.462 174.241 151.911 144.164 68.9089 22.33 169.085
internal_count=3011 2748 263 2591 2050 1331 1284 981 802 700 666 303 102 719
is_linear=0
shrinkage=0.05


Tree=22
num_leaves=15
num_cat=0
split_feature=31 49 3 16 27 12 43 46 29 26 36 44 11 47
split_gain=35.2752 17.8581 16.0286 12.4391 12.6708 12.0409 11.9908 11.8687 9.59587 9.47236 12.1083 13.2736 15.3054 9.90287
threshold=-0.24795513386336085 0.2162738594902214 1469.5000000000002 -0.17151391207036057 0.11200777761858077 -0.065169718463904888 0.06733716364010478 0.095782817472032419 -0.14796029788752543 -0.11796244872723786 0.03402084468505804 0.13632996569595227 0.048679296010994681 0.095906443919655263
decision_type=2 2 2 2 2 2 2 2 2 2 2 2 2 2
left_child=-1 2 9 -3 6 8 -5 -8 -6 -2 11 12 13 -11
right_child=1 3 -4 4 5 -7 7 -9 -10 10 -12 -13 -14 -15
leaf_value=-0.049451269325044546 -0.052515397175078748 0.021963614329230691 0.043164586530929021 -5.7063638952394729e-05 -0.076241817070162241 -0.075852324752367001 -0.041570468169524574 0.063253485814722094 0.016965808711447004 -0.015946668358105719 -0.09757493872188433 -0.061798099894009084 0.051587985449571987 0.070948418623013043
leaf_weight=34.199441283941269 18.695051655173302 106.53039157390594 11.022597357630728 211.38725063204765 2.8093336522579184 3.698431432247161 30.471830099821091 2.9629430472850791 161.66747848689556 64.783403724431992 4.1015807688236228 10.779144957661627 11.170184031128882 3.453557848930358
leaf_count=160 81 477 51 923 12 15 127 13 737 284 17 51 48 15
internal_value=3.12313e-05 0.00266089 -0.0143876 0.00673018 0.0028008 0.0133676 -0.00445783 -0.0322811 0.0153738 -0.0200024 -0.0135558 -0.00973472 -0.00266736 -0.0115488
internal_weight=677.733 643.533 124.006 519.528 412.997 168.175 244.822 33.4348 164.477 112.983 94.2879 90.1863 79.4071 68.237
internal_count=3011 2851 547 2304 1827 764 1063 140 749 496 415 398 347 299
is_linear=0
shrinkage=0.05


Tree=23
num_leaves=15
num_cat=0
split_feature=31 49 3 16 27 12 43 46 47 30 0 26 36 44
split_gain=32.2528 16.2044 14.625 11.3303 11.4885 10.8872 10.8086 10.7538 9.35644 11.3033 10.4293 8.6559 11.0203 12.2177
threshold=-0.24795513386336085 0.2162738594902214 1469.5000000000002 -0.17151391207036057 0.11200777761858077 -0.065169718463904888 0.06733716364010478 0.095782817472032419 -0.082011603128361144 -0.39458641053823551 1.7756996801698308 -0.11796244872723786 0.03402084468505804 0.13632996569595227
decision_type=2 2 2 2 2 2 2 2 2 2 2 2 2 2
left_child=-1 2 11 -3 6 8 -5 -8 9 -6 -10 -2 13 -13
right_child=1 3 -4 4 5 -7 7 -9 10 -11 -12 12 -14 -15
leaf_value=-0.047599856925108402 -0.050347990305148041 0.021007971028851422 0.041658614945099988 -5.4209815445556452e-05 -0.099497085443866956 -0.072084608494772995 -0.039389249326088435 0.06117561413120564 -0.00093951971345682258 0.0024149443330738363 0.03220838439822276 -0.0025415239364452781 -0.09340977529628508 -0.059690369447165992
leaf_weight=33.764354005455971 18.529095321893692 105.82592706382275 10.854346975684164 211.39011518657207 2.8911504894495001 3.6971430182456961 30.549133658409119 2.9117084294557563 33.553227946162224 46.172705307602882 81.044772371649742 79.100830033421516 4.0709717124700537 10.606206789612768
leaf_count=160 81 477 51 923 12 15 127 13 151 204 382 347 17 51
internal_value=3.01982e-05 0.00253832 -0.0137634 0.006414 0.00266731 0.0127638 -0.00423376 -0.0306383 0.0146805 -0.00359035 0.022503 -0.0191199 -0.0129497 -0.00929832
internal_weight=674.962 641.197 123.161 518.036 412.21 167.359 244.851 33.4608 163.662 49.0639 114.598 112.307 93.778 89.707
internal_count=3011 2851 547 2304 1827 764 1063 140 749 216 533 496 415 398
is_linear=0
shrinkage=0.05


Tree=24
num_leaves=15
num_cat=0
split_feature=17 34 11 29 20 4 19 9 13 36 36 3 12 50
split_gain=30.1015 12.3915 16.8611 13.844 10.647 10.1844 10.1419 16.3095 10.193 10.1186 10.0063 10.6748 10.3513 8.86381
threshold=0.041817900710102017 -0.12136175454418767 -0.092948532859279051 0.05679640505561586 0.043685262495930549 -0.14445133041110164 0.05407398041149606 -0.034879024678388139 0.25191386767385421 -0.16380830561322873 -0.24014680840865757 442.50000000000006 -0.17334964429109814 0.10135341366532748
decision_type=2 2 2 2 2 2 2 2 2 2 2 2 2 2
left_child=4 10 -3 6 -1 -5 7 9 -9 -4 -2 12 13 -12
right_child=1 2 3 5 -6 -7 -8 8 -10 -11 11 -13 -14 -15
leaf_value=-0.048861933752440079 0.033282316650549752 -0.030777838791265777 0.00028200724835679609 0.050159594249632303 0.0027980123902557425 -0.023158538025685894 0.017451318355610462 0.031748042692801334 -0.038241795188673482 -0.028285333559283955 -0.0093860674268654923 0.020311329520433571 -0.088524156929283684 0.042889434893754907
leaf_weight=40.076344087719917 48.336051091551781 44.529941722750664 84.66962456703186 5.096940964460372 13.278365939855574 66.965256109833717 123.55217164754868 43.657360166311264 5.9057393074035636 48.898448586463928 59.424886390566826 74.828957617282867 3.6620097905397406 9.3903103023767454
leaf_count=206 224 191 380 22 57 290 554 196 25 210 269 328 15 44
internal_value=2.94132e-05 0.00313584 -0.00167405 0.00174774 -0.0360053 -0.0179728 0.00638152 -0.00108688 0.0234083 -0.0101763 0.0135421 0.00706473 -0.0066117 -0.00225271
internal_weight=672.272 618.918 423.275 378.746 53.3547 72.0622 306.683 183.131 49.5631 133.568 195.642 147.306 72.4772 68.8152
internal_count=3011 2748 1868 1677 263 312 1365 811 221 590 880 656 328 313
is_linear=0
shrinkage=0.05


Tree=25
num_leaves=15
num_cat=0
split_feature=31 51 12 43 5 20 18 18 46 30 44 8 21 2
split_gain=28.1963 13.9379 12.3794 11.1967 9.59717 9.0287 8.95396 9.26882 11.8181 9.59913 9.2273 8.64485 8.99169 11.4416
threshold=-0.24795513386336085 0.27464622243100151 -0.21414577973396764 0.10179757592129747 0.042875135260068038 0.25061764084209343 -0.10292999385725694 -0.056000227228352913 -0.15455678036251588 -0.37431526790600694 0.022217632454652216 -0.19404118411750579 -0.16751805489732866 85.500000000000014
decision_type=2 2 2 2 2 2 2 2 2 2 2 2 2 2
left_child=-1 2 3 4 6 -6 -2 8 -8 -9 11 -11 -13 -14
right_child=1 -3 -4 -5 5 -7 7 9 -10 10 -12 12 13 -15
leaf_value=-0.045137649955857895 -0.036958044098854316 -0.050386648786171155 -0.0081419864237772272 -0.018903879112478619 0.017793926490944561 -0.10085826477039339 -0.11944422342896846 0.035653097116656915 0.064226727710804232 -0.093769256494010106 0.0063865391926572661 -0.092533419057668154 -0.057851396235212821 0.0056576806879754154
leaf_weight=32.858762979507446 13.853132829070089 12.283183470368384 169.43168751895428 36.415475875139236 225.64640551805496 1.6147702038288105 0.95700857043266196 18.606013223528862 10.321635469794272 3.6847188323736182 98.542629271745682 3.3878089785575858 9.0122931897640211 33.27905148267746
leaf_count=160 62 60 734 156 1041 7 4 83 46 16 441 14 40 147
internal_value=2.91711e-05 0.00235891 0.00339593 0.00768936 0.0100011 0.0169509 0.00175977 0.00477658 0.048642 0.00180538 -0.00245252 -0.0200975 -0.0141548 -0.00787612
internal_weight=669.895 637.036 624.753 455.321 418.905 227.261 191.644 177.791 11.2786 166.513 147.907 49.3639 45.6792 42.2913
internal_count=3011 2851 2791 2057 1901 1048 853 791 50 741 658 217 201 187
is_linear=0
shrinkage=0.05


Tree=26
num_leaves=15
num_cat=0
split_feature=17 34 11 29 40 4 6 28 47 19 9 13 36 32
split_gain=26.0802 10.9363 14.9735 12.1557 9.9673 10.0657 9.79015 10.1544 9.32913 9.19847 14.7822 9.27259 8.734 8.35532
threshold=0.041817900710102017 -0.12136175454418767 -0.092948532859279051 0.05679640505561586 -0.17158864642096283 -0.14445133041110164 -0.042207145227338455 -0.030367545501063974 -0.19810310905339787 0.05407398041149606 -0.034879024678388139 0.25191386767385421 -0.16380830561322873 0.087328780880250381
decision_type=2 2 2 2 2 2 2 2 2 2 2 2 2 2
left_child=6 8 -3 9 -5 -6 7 -1 -2 10 12 -12 -4 -13
right_child=1 2 3 4 5 -7 -8 -9 -10 -11 11 13 -14 -15
leaf_value=-0.072688560734276583 -0.034344865048557362 -0.029024997511002383 -2.6104529384719891e-05 -0.10742694092902474 0.056725089749665662 -0.018269507963838548 -0.050620856769579906 0.014069170862977024 0.015268416226303087 0.016560730031294182 0.030369488745394049 0.058907403824585571 -0.026563583264506741 -0.073344162151793665
leaf_weight=4.3648660928010967 9.9889150559902173 44.582443103194237 84.405625864863396 2.9154713898897162 4.8092826008796683 64.234905540943146 32.7374137789011 14.837487265467642 184.21480347216129 122.70931462943554 43.160686254501343 1.6583855748176564 49.007265672087669 4.2673527598381042
leaf_count=19 41 191 380 13 21 278 181 63 839 554 196 7 210 18
internal_value=2.92842e-05 0.0028984 -0.00162257 0.00161648 -0.0168696 -0.0130457 -0.0339955 -0.00565163 0.0127165 0.00597499 -0.00114268 0.0223172 -0.00977426 -0.0363321
internal_weight=667.894 615.954 421.751 377.168 71.9597 69.0442 51.9398 19.2024 194.204 305.209 182.499 49.0864 133.413 5.92574
internal_count=3011 2748 1868 1677 312 299 263 82 880 1365 811 221 590 25
is_linear=0
shrinkage=0.05


Tree=27
num_leaves=15
num_cat=0
split_feature=31 51 12 47 21 42 21 41 27 27 2 48 22 7
split_gain=24.6444 12.2558 10.7908 10.0868 9.59733 9.98175 11.1544 12.289 10.4359 10.1981 10.4055 10.3619 9.93795 12.1073
threshold=-0.24795513386336085 0.27464622243100151 -0.21414577973396764 -0.15776891650706221 -0.085474795366739312 0.090820524066900443 0.057295099201334181 -0.05157119910594634 0.12537789315086559 0.08247869934216627 155.50000000000003 -0.069844003396342488 0.21720356569001112 -0.053300340404798661
decision_type=2 2 2 2 2 2 2 2 2 2 2 2 2 2
left_child=-1 2 3 -2 -5 6 12 9 -7 10 11 -8 -6 -14
right_child=1 -3 -4 4 5 8 7 -9 -10 -11 -12 -13 13 -15
leaf_value=-0.042833955006569731 -0.015524506227411382 -0.047817753731137974 -0.0076283328005850061 -0.0092956930448200928 0.021699335581844083 0.0032483828948412703 0.075344845316435011 -0.026717057600583245 -0.080740687383665383 0.03906825351577814 0.035871898099899616 -0.078976069298766549 -0.045387400105268517 0.039895819596036664
leaf_weight=31.926702812314034 44.145385831594467 12.020374342799185 168.92930492758751 57.526412412524223 251.00603826344013 10.911932751536371 1.301230192184448 31.047256141901016 5.5947580933570853 20.4425108730793 5.4930369853973389 6.6301499307155591 12.187754705548288 6.3194152116775504
leaf_count=160 185 60 734 254 1170 48 6 138 24 97 24 28 55 28
internal_value=2.83891e-05 0.00218835 0.00315546 0.00718037 0.00963425 0.0127373 0.0146108 -0.00399565 -0.0252188 0.016834 -0.0170239 -0.053658 0.0190922 -0.0162668
internal_weight=665.482 633.556 621.535 452.606 408.46 350.934 334.427 64.9142 16.5067 33.8669 13.4244 7.93138 269.513 18.5072
internal_count=3011 2851 2791 2057 1872 1618 1546 293 72 155 58 34 1253 83
is_linear=0
shrinkage=0.05


Tree=28
num_leaves=15
num_cat=0
split_feature=17 28 11 34 29 23 24 9 6 28 22 22 18 32
split_gain=22.6758 10.0567 11.2889 10.2385 10.5569 9.72324 9.22058 11.8314 8.97618 9.121 8.89337 10.0467 10.3004 8.42338
threshold=0.041817900710102017 -0.10383595793738511 -0.041367032944053632 -0.12136175454418767 0.05679640505561586 0.11139008941387714 0.053916557460710224 -0.070166453707466811 -0.042207145227338455 -0.030367545501063974 -0.036860514556176865 0.25181596350657903 0.098058280054820798 0.081827916689693803
decision_type=2 2 2 2 2 2 2 2 2 2 2 2 2 2
left_child=8 2 13 -3 10 -6 7 -4 9 -1 -5 -12 -13 -2
right_child=1 3 6 4 5 -7 -8 -9 -10 -11 11 12 -14 -15
leaf_value=-0.068878703168158514 -0.0051121147925759693 0.01457589599842945 0.021332971716991111 -0.019014957429658835 -0.010626152076767198 -0.069412058698839305 0.035680631949325463 -0.055356907977118092 -0.048668061764321327 0.013478658334859181 0.0090147250630613265 -0.068567028607852257 0.08036244740020157 -0.071511246267440251
leaf_weight=4.3492967188358334 7.5460954308509853 177.34767323732376 9.3161563724279421 36.558529868721962 66.989174395799637 7.8592837005853644 11.705853521823881 10.929285869002344 31.325709298253059 14.807432144880293 262.68653666973114 7.4272937029600126 1.3761034309864042 13.01346582174301
leaf_count=19 32 814 40 162 291 34 52 48 181 63 1182 31 6 56
internal_value=2.94131e-05 0.00268306 -0.0182397 0.00464412 4.39841e-05 -0.0167988 0.000356858 -0.0200672 -0.0321805 -0.00521955 0.00413639 0.00725392 -0.0452871 -0.0471404
internal_weight=663.238 612.755 52.5109 560.245 382.897 74.8485 31.9513 20.2454 50.4824 19.1567 308.048 271.49 8.8034 20.5596
internal_count=3011 2748 228 2520 1706 325 140 88 263 82 1381 1219 37 88
is_linear=0
shrinkage=0.05


Tree=29
num_leaves=15
num_cat=0
split_feature=46 19 40 20 38 48 42 33 11 31 3 42 45 48
split_gain=21.3041 10.8861 11.2169 13.795 12.122 14.1479 12.6763 12.4098 10.4406 10.3099 10.0077 11.3893 11.6542 9.82959
threshold=-0.12298030833097133 0.14361230670003652 0.058483132547442661 -0.067782238818355198 -0.18972489220324532 -0.11919413717408624 -0.044199618041466403 0.389517556209035 0.13627130903707471 0.096680100348056533 1327.5000000000002 -0.14299928940854187 -0.1347909932008611 -0.079391035102095983
decision_type=2 2 2 2 2 2 2 2 2 2 2 2 2 2
left_child=-1 2 3 9 8 -6 -7 -8 13 -2 -4 -12 -13 -5
right_child=1 -3 10 4 5 6 7 -9 -10 -11 11 12 -14 -15
leaf_value=-0.030621502216970711 -0.04772730153463093 0.019392719603301536 -0.014491642883852697 -0.074987313546404158 0.041785957330622757 0.01508024225505792 -0.0030860631980032787 -0.079756973478249074 0.081682316004412323 0.06242570484408249 -0.12588892561836112 -0.074044029655087204 0.05535656921021187 -0.011483633466526082
leaf_weight=52.218744352459908 18.073858588933948 83.790743097662926 154.17240418493748 8.4876380264759081 32.47756564617157 170.97030799090862 92.780734449625015 5.596006602048873 2.2754750400781623 2.4071407020092002 1.1368626356124902 2.0058758109807977 13.127670213580128 21.604425743222237
leaf_count=270 78 379 669 37 150 797 414 24 10 11 5 9 62 96
internal_value=2.79076e-05 0.00265635 -1.42132e-05 0.00505166 0.0074928 0.0106112 0.00685222 -0.00744737 -0.0215863 -0.034781 -0.0105557 0.0267394 0.0382052 -0.0293952
internal_weight=661.125 608.907 525.116 354.673 334.192 301.825 269.347 98.3767 32.3675 20.481 170.443 16.2704 15.1335 30.0921
internal_count=3011 2741 2362 1617 1528 1385 1235 438 143 89 745 76 71 133
is_linear=0
shrinkage=0.05


end of trees

feature_importances:
embedding_45=35
embedding_08=29
embedding_23=27
embedding_43=22
prompt_approx_tokens=21
embedding_28=15
embedding_39=15
embedding_15=13
embedding_22=13
prompt_chars=12
embedding_24=12
embedding_12=10
embedding_13=10
embedding_25=10
embedding_32=10
embedding_38=10
embedding_07=9
embedding_17=9
embedding_27=9
embedding_42=9
embedding_16=8
embedding_30=8
embedding_02=7
embedding_18=7
a2_score=6
embedding_05=6
embedding_19=6
embedding_21=5
embedding_26=5
embedding_41=5
embedding_01=4
embedding_03=4
embedding_14=4
embedding_36=4
embedding_37=4
embedding_40=4
embedding_44=4
embedding_47=4
embedding_10=3
embedding_29=3
embedding_31=3
embedding_34=3
embedding_00=2
embedding_09=2
embedding_33=2
embedding_35=2
embedding_04=1
embedding_06=1
embedding_11=1
embedding_20=1
embedding_46=1

parameters:
[boosting: gbdt]
[objective: binary]
[metric: binary_logloss]
[tree_learner: serial]
[device_type: cpu]
[data_sample_strategy: bagging]
[data: ]
[valid: ]
[num_iterations: 30]
[learning_rate: 0.05]
[num_leaves: 15]
[num_threads: 1]
[seed: 23]
[deterministic: 0]
[force_col_wise: 1]
[force_row_wise: 0]
[histogram_pool_size: -1]
[max_depth: -1]
[min_data_in_leaf: 3]
[min_sum_hessian_in_leaf: 0.001]
[bagging_fraction: 1]
[pos_bagging_fraction: 1]
[neg_bagging_fraction: 1]
[bagging_freq: 0]
[bagging_seed: 25556]
[bagging_by_query: 0]
[feature_fraction: 1]
[feature_fraction_bynode: 1]
[feature_fraction_seed: 31605]
[extra_trees: 0]
[extra_seed: 3808]
[early_stopping_round: 0]
[early_stopping_min_delta: 0]
[first_metric_only: 0]
[max_delta_step: 0]
[lambda_l1: 0]
[lambda_l2: 0]
[linear_lambda: 0]
[min_gain_to_split: 0]
[drop_rate: 0.1]
[max_drop: 50]
[skip_drop: 0.5]
[xgboost_dart_mode: 0]
[uniform_drop: 0]
[drop_seed: 6130]
[top_rate: 0.2]
[other_rate: 0.1]
[min_data_per_group: 100]
[max_cat_threshold: 32]
[cat_l2: 10]
[cat_smooth: 10]
[max_cat_to_onehot: 4]
[top_k: 20]
[monotone_constraints: ]
[monotone_constraints_method: basic]
[monotone_penalty: 0]
[feature_contri: ]
[forcedsplits_filename: ]
[refit_decay_rate: 0.9]
[cegb_tradeoff: 1]
[cegb_penalty_split: 0]
[cegb_penalty_feature_lazy: ]
[cegb_penalty_feature_coupled: ]
[path_smooth: 0]
[interaction_constraints: ]
[verbosity: -1]
[saved_feature_importance_type: 0]
[use_quantized_grad: 0]
[num_grad_quant_bins: 4]
[quant_train_renew_leaf: 0]
[stochastic_rounding: 1]
[linear_tree: 0]
[max_bin: 255]
[max_bin_by_feature: ]
[min_data_in_bin: 3]
[bin_construct_sample_cnt: 200000]
[data_random_seed: 113]
[is_enable_sparse: 1]
[enable_bundle: 1]
[use_missing: 1]
[zero_as_missing: 0]
[feature_pre_filter: 1]
[pre_partition: 0]
[two_round: 0]
[header: 0]
[label_column: ]
[weight_column: ]
[group_column: ]
[ignore_column: ]
[categorical_feature: ]
[forcedbins_filename: ]
[precise_float_parser: 0]
[parser_config_file: ]
[objective_seed: 16714]
[num_class: 1]
[is_unbalance: 0]
[scale_pos_weight: 1]
[sigmoid: 1]
[boost_from_average: 1]
[reg_sqrt: 0]
[alpha: 0.9]
[fair_c: 1]
[poisson_max_delta_step: 0.7]
[tweedie_variance_power: 1.5]
[lambdarank_truncation_level: 30]
[lambdarank_norm: 1]
[label_gain: ]
[lambdarank_position_bias_regularization: 0]
[eval_at: ]
[multi_error_top_k: 1]
[auc_mu_weights: ]
[num_machines: 1]
[local_listen_port: 12400]
[time_out: 120]
[machine_list_filename: ]
[machines: ]
[gpu_platform_id: -1]
[gpu_device_id: -1]
[gpu_device_id_list: ]
[gpu_use_dp: 0]
[num_gpu: 1]

end of parameters

pandas_categorical:null
