tree
version=v4
num_class=1
num_tree_per_iteration=1
label_index=0
max_feature_idx=51
objective=regression
feature_names=a2_score has_code_fence prompt_approx_tokens prompt_chars embedding_00 embedding_01 embedding_02 embedding_03 embedding_04 embedding_05 embedding_06 embedding_07 embedding_08 embedding_09 embedding_10 embedding_11 embedding_12 embedding_13 embedding_14 embedding_15 embedding_16 embedding_17 embedding_18 embedding_19 embedding_20 embedding_21 embedding_22 embedding_23 embedding_24 embedding_25 embedding_26 embedding_27 embedding_28 embedding_29 embedding_30 embedding_31 embedding_32 embedding_33 embedding_34 embedding_35 embedding_36 embedding_37 embedding_38 embedding_39 embedding_40 embedding_41 embedding_42 embedding_43 embedding_44 embedding_45 embedding_46 embedding_47
feature_infos=[1.1430200399814536:2.1550852171852997] none [8:965] [34:3860] [-0.41087217443874041:0.61782155193190347] [-0.48471791416315496:0.50738849249045237] [-0.58520573598065284:0.1637091018140116] [-0.457495710997814:0.48970210687439175] [-0.41646336503628284:0.36980013081681939] [-0.46164353574848277:0.27910827799011501] [-0.49030428616306426:0.35382651028683815] [-0.41130179815941625:0.42628184178677897] [-0.7761441759351253:0.25514595333753737] [-0.25087260300212721:0.56200266417119338] [-0.38669459561826541:0.57796492950336786] [-0.48622141449773226:0.48730810225589299] [-0.55001909821692674:0.39036002917941331] [-0.23408229439226114:0.70149986857704305] [-0.3596943895981084:0.42459591394742019] [-0.3481553119113957:0.47546492756792713] [-0.3245134270208202:0.52075564392329554] [-0.39082557499682519:0.32882426898275152] [-0.41281254969226883:0.45401858887714786] [-0.49763795114508702:0.41301708893558936] [-0.53839652650374503:0.42173074971558477] [-0.30845685446746224:0.51089105201080265] [-0.40388187304691769:0.36099410255771208] [-0.2290393337255473:0.6393508022779113] [-0.40927275453502904:0.33633639699815621] [-0.42444648726183282:0.25630729731502827] [-0.73874861306336814:0.21031022607861385] [-0.4681734716045628:0.40689422938557973] [-0.30599503068105227:0.41130179815941625] [-0.2520988421229669:0.59213690821293896] [-0.43249857361756672:0.4493247650413843] [-0.64379044019311227:0.34731435582359393] [-0.48314531438551706:0.27044936151312532] [-0.3576777653141881:0.55381861969499646] [-0.5121475197315839:0.33776026473659926] [-0.53951250094920478:0.43748483228844198] [-0.63167616570923679:0.68475227121768012] [-0.48949020986880254:0.48218561322280346] [-0.46114398896535042:0.38087317795088099] [-0.44766148103584524:0.36014120303280989] [-0.39773369280899523:0.42008402520840299] [-0.48434471241406046:0.48800932206302489] [-0.75925660236529657:0.33806170189140661] [-0.51314236049113426:0.3563249516154553] [-0.43560684186903209:0.43070552164653242] [-0.42111744380615784:0.62985816774525505] [-0.35666297896665838:0.37577968896651326] [-0.51047656089015592:0.41650600860529929]
tree_sizes=1471 1516 1496 1501 1519 1528 1510 1493 1468 1501 1500 1458 1515 1492 1515 1476 1506 1486 1497 1529

Tree=0
num_leaves=15
num_cat=0
split_feature=14 2 31 49 7 5 17 12 15 0 16 23 49 11
split_gain=1.27127e+06 2.17856e+06 882919 697503 654384 2.11331e+06 1.7123e+06 1.15015e+06 318046 772893 255374 193354 131381 531849
threshold=-0.070889169393617543 95.500000000000014 -1.0000000180025095e-35 0.18885959762867918 0.22948967799066827 -0.058608455853479839 0.31216055717928953 0.16919521795350842 0.3615133633692687 1.6055369217767781 0.14463649690520206 -0.078934350154369656 0.12432888539209512 0.11354546353627451
decision_type=2 2 2 2 2 2 2 2 2 2 2 2 2 2
left_child=1 2 -1 10 7 6 -6 8 12 -10 -4 -7 13 -2
right_child=4 -3 3 -5 5 11 -8 -9 9 -11 -12 -13 -14 -15
leaf_value=13.486279493429778 11.155944114564862 11.919933340194955 39.60711213534924 61.490445722995716 57.45377925977958 20.963779221632599 16.073779202559109 34.473778649428013 40.607112866499556 10.27377946958792 21.740446231622016 10.610735997546666 10.319481981212148 29.498778778174042
leaf_weight=3.9999999999999991 328 39 5.9999999999999982 2.9999999999999991 4.9999999999999982 4.9999999999999991 5 4.9999999999999991 2.9999999999999982 7 3 46 2548 3.9999999999999991
leaf_count=4 328 39 6 3 5 5 5 5 3 7 3 46 2548 4
internal_value=10.7619 18.2938 33.83 40.6113 10.6217 15.7467 36.7638 10.5137 10.4723 19.3738 33.6516 11.6257 10.4414 11.3769
internal_weight=3011 55 16 12 2956 61 10 2895 2890 10 9 51 2880 332
internal_count=3011 55 16 12 2956 61 10 2895 2890 10 9 51 2880 332
is_linear=0
shrinkage=1


Tree=1
num_leaves=15
num_cat=0
split_feature=14 2 31 49 7 5 51 12 15 12 16 23 36 7
split_gain=1.14732e+06 1.96615e+06 796834 629497 590582 1.90726e+06 1.56488e+06 1.03801e+06 287037 732939 230475 174502 121751 323059
threshold=-0.070889169393617543 95.500000000000014 -1.0000000180025095e-35 0.18885959762867918 0.22948967799066827 -0.058608455853479839 0.064735488787244402 0.16919521795350842 0.3615133633692687 -0.047405982718674237 0.14463649690520206 -0.078934350154369656 0.053161023919667837 0.13295225893585255
decision_type=2 2 2 2 2 2 2 2 2 2 2 2 2 2
left_child=1 2 -1 10 7 6 -6 8 12 -10 -4 -7 -2 -14
right_child=4 -3 3 -5 5 11 -8 -9 9 -11 -12 -13 13 -15
leaf_value=2.5881859898567203 -0.33549416581901037 1.1001571361835187 27.402977498372401 48.192144775390631 4.9225111675262463 9.6918108367919942 44.481111450195307 22.526311798095705 -0.68035565784999297 28.858534129460665 10.429644266764321 -0.14358026463052501 1.0886884171029794 18.533763138453164
leaf_weight=3.9999999999999991 2854 39 5.9999999999999982 2.9999999999999991 4.9999999999999982 4.9999999999999991 5 4.9999999999999991 7 2.9999999999999982 3 46 23.000000000000004 2.9999999999999991
leaf_count=4 2854 39 6 3 5 5 5 5 7 3 3 46 23 3
internal_value=8.31021e-09 7.15531 21.9147 28.3569 -0.133133 4.73561 24.7018 -0.235722 -0.275102 8.18131 21.7452 0.820674 -0.304465 3.10158
internal_weight=3011 55 16 12 2956 61 10 2895 2890 10 9 51 2880 26
internal_count=3011 55 16 12 2956 61 10 2895 2890 10 9 51 2880 26
is_linear=0
shrinkage=0.05


Tree=2
num_leaves=15
num_cat=0
split_feature=14 2 31 49 7 5 17 12 15 49 16 35 49 39
split_gain=1.03546e+06 1.77445e+06 719143 568121 533000 1.7213e+06 1.45346e+06 936807 259051 695049 208004 161101 117165 400679
threshold=-0.070889169393617543 95.500000000000014 -1.0000000180025095e-35 0.18885959762867918 0.22948967799066827 -0.058608455853479839 0.31216055717928953 0.16919521795350842 0.3615133633692687 0.22618561596001061 0.14463649690520206 0.10836352295863734 0.13308662598568158 -0.094493943206804806
decision_type=2 2 2 2 2 2 2 2 2 2 2 2 2 2
left_child=1 2 -1 10 7 6 -6 8 12 -10 -4 -7 13 -2
right_child=4 -3 3 -5 5 11 -8 -9 9 -11 -12 -13 -14 -15
leaf_value=2.4587767481803895 13.387686665852867 1.0451493312151006 26.032828776041669 45.782535807291673 42.528840942382828 0.077095047632853186 4.4045993804931634 21.399996356964113 27.907920678456634 -0.85732992717197964 9.9081619262695284 12.020361200968425 -0.40611612966747068 0.35160135048538893
leaf_weight=3.9999999999999991 5.9999999999999991 39 5.9999999999999982 2.9999999999999991 4.9999999999999982 48 5 4.9999999999999991 2.9999999999999982 7 3 2.9999999999999991 2539 335
leaf_count=4 6 39 6 3 5 48 5 5 3 7 3 3 2539 335
internal_value=-7.36397e-10 6.79755 20.819 26.9391 -0.126477 4.49883 23.4667 -0.223936 -0.261347 7.77225 20.6579 0.77964 -0.289242 0.580975
internal_weight=3011 55 16 12 2956 61 10 2895 2890 10 9 51 2880 341
internal_count=3011 55 16 12 2956 61 10 2895 2890 10 9 51 2880 341
is_linear=0
shrinkage=0.05


Tree=3
num_leaves=15
num_cat=0
split_feature=14 2 31 49 7 5 51 12 15 20 16 23 36 7
split_gain=934502 1.60145e+06 649026 512729 481033 1.55348e+06 1.32765e+06 845468 233793 659119 187724 149966 107597 283547
threshold=-0.070889169393617543 95.500000000000014 -1.0000000180025095e-35 0.18885959762867918 0.22948967799066827 -0.058608455853479839 0.064735488787244402 0.16919521795350842 0.3615133633692687 0.085592206168713228 0.14463649690520206 -0.078934350154369656 0.053161023919667837 0.13295225893585255
decision_type=2 2 2 2 2 2 2 2 2 2 2 2 2 2
left_child=1 2 -1 10 7 6 -6 8 12 -10 -4 -7 -2 -14
right_child=4 -3 3 -5 5 11 -8 -9 9 -11 -12 -13 13 -15
leaf_value=2.3358377695083621 -0.3039494681484689 0.99289183494372257 24.731187947591152 43.493409220377607 4.0749131774902354 8.9645001983642576 40.511855163574211 20.329995718002323 -1.0199294907706127 26.991946244239802 9.4127540588378888 -0.15323781552522078 1.0413820909417193 17.384855349858604
leaf_weight=3.9999999999999991 2854 39 5.9999999999999982 2.9999999999999991 4.9999999999999982 4.9999999999999991 5 4.9999999999999991 6.9999999999999982 3 3 46 23.000000000000004 2.9999999999999991
leaf_count=4 2854 39 6 3 5 5 5 5 7 3 3 46 23 3
internal_value=1.20491e-08 6.45767 19.7781 25.5921 -0.120153 4.27389 22.2934 -0.212739 -0.24828 7.38363 19.625 0.740658 -0.27478 2.92717
internal_weight=3011 55 16 12 2956 61 10 2895 2890 10 9 51 2880 26
internal_count=3011 55 16 12 2956 61 10 2895 2890 10 9 51 2880 26
is_linear=0
shrinkage=0.05


Tree=4
num_leaves=15
num_cat=0
split_feature=14 2 31 49 7 5 43 27 12 11 15 27 16 37
split_gain=843388 1.4453e+06 585746 462738 439098 1.30537e+06 1.53965e+06 882811 405657 298045 213789 625046 169420 104534
threshold=-0.070889169393617543 95.500000000000014 -1.0000000180025095e-35 0.18885959762867918 0.13295225893585255 -0.063454766760364975 0.093968884028650654 0.34063758055352927 0.16919521795350842 0.13882439884496681 0.3615133633692687 0.19181118546896156 0.14463649690520206 -0.11840152523155448
decision_type=2 2 2 2 2 2 2 2 2 2 2 2 2 2
left_child=1 2 -1 12 8 6 7 -6 10 13 -2 -12 -4 -7
right_child=4 -3 3 -5 5 9 -8 -9 -10 -11 11 -13 -14 -15
leaf_value=2.2190460205078124 -0.30944856889211031 0.94324728647867839 23.4946278889974 41.318738810221362 0.83930260584904559 5.4928707493676079 38.26796844482422 30.929956054687501 15.650995373725891 14.133229351043703 -1.1690178666796005 26.109212605158479 8.9421165466308565 -0.08342175943644968
leaf_weight=3.9999999999999991 2781 39 5.9999999999999982 2.9999999999999991 13.000000000000005 8.9999999999999982 4.9999999999999991 2.9999999999999991 3.9999999999999991 3.9999999999999991 6.9999999999999982 3 3 127
leaf_count=4 2781 39 6 3 13 9 5 3 4 4 7 3 3 127
internal_value=6.90076e-09 6.13478 18.7892 24.3125 -0.114145 2.42494 14.0496 6.4813 -0.260404 0.681244 -0.283207 7.01445 18.6438 0.285598
internal_weight=3011 55 16 12 2956 161 21 16 2795 140 2791 10 9 136
internal_count=3011 55 16 12 2956 161 21 16 2795 140 2791 10 9 136
is_linear=0
shrinkage=0.05


Tree=5
num_leaves=15
num_cat=0
split_feature=14 2 31 49 7 5 43 27 12 11 11 15 36 50
split_gain=761158 1.30439e+06 530597 452384 396286 1.1781e+06 1.38953e+06 796737 366105 268986 194350 192945 592734 96757.1
threshold=-0.070889169393617543 95.500000000000014 -0.084569985101946951 0.18885959762867918 0.13295225893585255 -0.063454766760364975 0.093968884028650654 0.34063758055352927 0.16919521795350842 0.13882439884496681 0.080289584140381356 0.3615133633692687 -0.083150216608565267 0.13272842444056857
decision_type=2 2 2 2 2 2 2 2 2 2 2 2 2 2
left_child=1 2 -1 10 8 6 7 -6 11 13 -4 -2 -13 -7
right_child=4 -3 3 -5 5 9 -8 -9 -10 -11 -12 12 -14 -15
leaf_value=-1.1044062614440919 -0.29397615318738141 0.89608491017268266 21.678245980398998 39.252802530924484 0.79733751370356598 -0.10439574725571132 36.354570312500002 29.383457946777344 14.868445453047753 13.426567625999452 6.4674272537231436 25.258389846483862 -1.3054114818573002 5.0053072786331185
leaf_weight=2.9999999999999991 2781 39 6.9999999999999982 2.9999999999999991 13.000000000000005 126 4.9999999999999991 2.9999999999999991 3.9999999999999991 3.9999999999999991 3 3 6.9999999999999982 9.9999999999999982
leaf_count=3 2781 39 7 3 13 126 5 3 4 4 3 3 7 10
internal_value=-4.94495e-09 5.82805 17.8497 22.2237 -0.108438 2.30369 13.3471 6.15724 -0.247383 0.647182 17.115 -0.269047 6.66373 0.271318
internal_weight=3011 55 16 13 2956 161 21 16 2795 140 10 2791 10 136
internal_count=3011 55 16 13 2956 161 21 16 2795 140 10 2791 10 136
is_linear=0
shrinkage=0.05


Tree=6
num_leaves=15
num_cat=0
split_feature=14 2 31 49 36 5 11 27 44 35 5 15 49 33
split_gain=686945 1.17721e+06 478863 409166 364128 587491 319378 289080 366814 250026 612931 243942 939674 228013
threshold=-0.070889169393617543 95.500000000000014 -0.084569985101946951 0.14027394332254656 0.030656977129191004 -0.083633341256693292 0.06052397141931571 0.2376429122989441 -1.0000000180025095e-35 -0.41796152667404213 0.033729228349559597 0.3615133633692687 0.10432228060762601 -0.09214577447129943
decision_type=2 2 2 2 2 2 2 2 2 2 2 2 2 2
left_child=1 2 -1 -4 9 6 -6 -7 -9 10 -2 13 -13 -11
right_child=4 -3 3 -5 5 7 -8 8 -10 11 -12 12 -14 -15
leaf_value=-1.0491859436035156 26.617681447664907 0.85128068190354578 15.198872545030383 34.418284606933597 7.0405320167541507 0.60376435137809592 30.112078857421864 24.707543436686183 2.5922836542129519 6.9442544590343136 -0.3949118682316371 31.137338765462239 -1.1749293910132514 -0.26825551746047349
leaf_weight=2.9999999999999991 2.9999999999999982 39 8.9999999999999982 3.9999999999999991 2.9999999999999991 47 3 3.0000000000000009 4.9999999999999991 10.999999999999998 7 2.9999999999999991 8.9999999999999982 2862
leaf_count=3 3 39 9 4 3 47 3 3 5 11 7 3 9 2862
internal_value=2.30322e-09 5.53664 16.9572 21.1125 -0.103016 3.71998 18.5763 2.09929 10.8855 -0.18357 7.70887 -0.210926 6.90314 -0.240641
internal_weight=3011 55 16 13 2956 61 6 55 8 2895 10 2885 12 2873
internal_count=3011 55 16 13 2956 61 6 55 8 2895 10 2885 12 2873
is_linear=0
shrinkage=0.05


Tree=7
num_leaves=15
num_cat=0
split_feature=14 2 31 49 7 5 9 32 12 11 11 15 42 51
split_gain=619968 1.06243e+06 432174 375387 337762 1.00485e+06 1.17506e+06 688421 309342 243923 172084 159499 516788 127666
threshold=-0.070889169393617543 95.500000000000014 -0.084569985101946951 0.18885959762867918 0.13295225893585255 -0.063454766760364975 -0.053149559392331229 0.15923047673094462 0.16919521795350842 0.13882439884496681 0.080289584140381356 0.3615133633692687 -1.0000000180025095e-35 0.11651350167386894
decision_type=2 2 2 2 2 2 2 2 2 2 2 2 2 2
left_child=1 2 -1 10 8 6 7 13 11 -7 -4 -2 -13 -6
right_child=4 -3 3 -5 5 9 -8 -9 -10 -11 -12 12 -14 -15
leaf_value=-0.99672670364379889 -0.26872032579981964 0.80871660831647041 19.697108895438063 35.569248453776048 27.212839508056625 0.24124136846512556 -0.076551990509033219 7.0581473946571336 13.668525958061219 12.768652486801148 5.384112103780109 23.419870968659712 -1.3838408112525942 40.857629394531244
leaf_weight=2.9999999999999991 2781 39 6.9999999999999982 2.9999999999999991 4.0000000000000018 136 9.9999999999999982 4 3.9999999999999991 3.9999999999999991 3 3 6.9999999999999982 3
leaf_count=3 2781 39 7 3 4 136 10 4 4 4 3 3 7 3
internal_value=-1.04576e-08 5.25981 16.1094 20.0569 -0.0978652 2.12904 12.3282 23.6052 -0.226141 0.599167 15.4032 -0.246055 6.05727 33.0606
internal_weight=3011 55 16 13 2956 161 21 11 2795 140 10 2791 10 7
internal_count=3011 55 16 13 2956 161 21 11 2795 140 10 2791 10 7
is_linear=0
shrinkage=0.05


Tree=8
num_leaves=15
num_cat=0
split_feature=14 2 31 49 36 5 17 28 35 13 43 33 2 15
split_gain=559521 958844 390037 338787 311172 491214 261879 250016 213821 551349 212432 200225 422607 197695
threshold=-0.070889169393617543 95.500000000000014 -0.084569985101946951 0.18885959762867918 0.030656977129191004 -0.083633341256693292 0.30903663577830326 -0.11694119738176387 -0.41796152667404213 0.104738643965246 0.06814011285201356 -0.09214577447129943 95.500000000000014 0.3615133633692687
decision_type=2 2 2 2 2 2 2 2 2 2 2 2 2 2
left_child=1 2 -1 -4 8 6 -6 10 9 -2 -7 12 -10 -13
right_child=4 -3 3 -5 5 7 -8 -9 11 -11 -12 13 -14 -15
leaf_value=-0.94689035415649414 25.065003983179736 0.76828076717181082 14.633049392700196 33.790784708658855 27.471571350097658 3.819016952514648 6.5798268636067689 0.56835090530679577 22.544094848632813 -0.55467736380440846 20.648817062377926 -0.24535868981974179 0.53870153427124023 6.1857552309830988
leaf_weight=2.9999999999999991 2.9999999999999982 39 9.9999999999999982 2.9999999999999991 2.9999999999999991 5 3 47 2.9999999999999991 7 3 2862 7.9999999999999991 11.999999999999998
leaf_count=3 3 39 10 3 3 5 3 47 3 7 3 2862 8 12
internal_value=3.24846e-09 4.99682 15.3039 19.0541 -0.092972 3.44112 17.0257 1.95916 -0.167438 7.13123 10.1302 -0.192737 6.54017 -0.218506
internal_weight=3011 55 16 13 2956 61 6 55 2895 10 8 2885 11 2874
internal_count=3011 55 16 13 2956 61 6 55 2895 10 8 2885 11 2874
is_linear=0
shrinkage=0.05


Tree=9
num_leaves=15
num_cat=0
split_feature=14 2 31 49 7 5 9 23 12 11 11 11 15 20
split_gain=504968 865357 352009 309156 290548 862368 1.01309e+06 593641 266377 477289 220966 132439 130733 465408
threshold=-0.070889169393617543 95.500000000000014 -0.084569985101946951 0.14027394332254656 0.13295225893585255 -0.063454766760364975 -0.053149559392331229 0.12715333986594474 0.10952930095845158 -1.0000000180025095e-35 0.13882439884496681 0.080289584140381356 0.3615133633692687 0.085592206168713228
decision_type=2 2 2 2 2 2 2 2 2 2 2 2 2 2
left_child=1 2 -1 11 8 6 7 -6 12 -10 -7 -4 -2 -14
right_child=4 -3 3 -5 5 10 -8 -9 9 -11 -12 -13 13 -15
leaf_value=-0.89954586029052741 -0.25399821379125059 0.72986669784937153 17.249829355875654 29.667241668701173 30.676897757393959 0.21915545982911305 -0.092612009048461924 6.5306757748126971 -0.55661715984344473 24.670062764485678 12.142487573623658 4.3832539955774932 -1.5883161204201839 21.950099436442052
leaf_weight=2.9999999999999991 2777 39 5.9999999999999982 3.9999999999999991 7.0000000000000018 136 9.9999999999999982 4 5.0000000000000009 2.9999999999999991 3.9999999999999991 3 6.9999999999999982 3
leaf_count=3 2777 39 6 4 7 136 10 4 5 3 4 3 7 3
internal_value=-7.69308e-09 4.74698 14.5387 18.1014 -0.0883234 1.97708 11.4255 21.8965 -0.207297 8.90339 0.559822 12.961 -0.233448 5.47321
internal_weight=3011 55 16 13 2956 161 21 11 2795 8 140 9 2787 10
internal_count=3011 55 16 13 2956 161 21 11 2795 8 140 9 2787 10
is_linear=0
shrinkage=0.05


Tree=10
num_leaves=15
num_cat=0
split_feature=14 2 31 49 7 5 9 32 12 11 25 2 11 15
split_gain=455734 780985 317688 281017 262220 778287 914311 554352 240405 430753 214015 508705 139034 117986
threshold=-0.070889169393617543 95.500000000000014 -0.084569985101946951 0.18885959762867918 0.13295225893585255 -0.063454766760364975 -0.053149559392331229 0.15923047673094462 0.10952930095845158 -1.0000000180025095e-35 0.15194184630447941 125.50000000000001 0.080289584140381356 0.3615133633692687
decision_type=2 2 2 2 2 2 2 2 2 2 2 2 2 2
left_child=1 2 -1 12 8 6 7 -6 13 -10 -7 -12 -4 -2
right_child=4 -3 3 -5 5 10 -8 -9 9 -11 11 -13 -14 -15
leaf_value=-0.85456857681274423 -0.24129829762901253 0.69337342335627639 17.029413931710383 30.617884318033859 29.286546325683585 -0.010365670048273528 -0.087981400489807127 5.9530271125957359 -0.52878630161285389 23.436559041341148 24.806663513183604 0.19769803796495711 4.1640912622213353 5.1995479059219365
leaf_weight=2.9999999999999991 2777 39 6.9999999999999982 2.9999999999999991 7.0000000000000018 130 9.9999999999999982 4 5.0000000000000009 2.9999999999999991 2.9999999999999982 7 3 9.9999999999999982
leaf_count=3 2777 39 7 3 7 130 10 4 5 3 3 7 3 10
internal_value=-2.44872e-09 4.50963 13.8118 17.1963 -0.0839072 1.87823 10.8542 20.8016 -0.196932 8.45822 0.531831 7.58039 13.1698 -0.221776
internal_weight=3011 55 16 13 2956 161 21 11 2795 8 140 10 10 2787
internal_count=3011 55 16 13 2956 161 21 11 2795 8 140 10 10 2787
is_linear=0
shrinkage=0.05


Tree=11
num_leaves=15
num_cat=0
split_feature=14 2 10 26 36 5 28 17 35 26 29 33 2 15
split_gain=411299 704839 288247 256020 241598 348533 207678 186714 177101 481466 176048 162361 337959 150463
threshold=-0.070889169393617543 95.500000000000014 -1.0000000180025095e-35 0.076594760949813226 0.030656977129191004 -0.083633341256693292 -0.11322813960679641 0.30903663577830326 -0.41796152667404213 -0.067878178061035091 -0.065595822251228161 -0.09214577447129943 95.500000000000014 0.3615133633692687
decision_type=2 2 2 2 2 2 2 2 2 2 2 2 2 2
left_child=1 2 3 -1 8 7 10 -6 9 -2 -7 12 -10 -13
right_child=4 -3 -4 -5 5 6 -8 -9 11 -11 -12 13 -14 -15
leaf_value=26.760721435546873 23.255867807070409 0.65870476135840783 6.4100865557789808 8.2848050117492651 23.297434488932293 18.621759287516269 0.42699522829574088 5.6568466504414863 20.20627136230469 -0.68517639977591394 3.7873229662577317 -0.21498271375377148 0.52773025035858157 5.3955369671185816
leaf_weight=5 3 39 7.9999999999999991 3 2.9999999999999991 3 46 3 2.9999999999999991 6.9999999999999982 5.9999999999999982 2862 7.9999999999999991 11.999999999999998
leaf_count=5 3 39 8 3 3 3 46 3 3 7 6 2862 8 12
internal_value=-6.14855e-09 4.28415 13.1212 19.8323 -0.0797118 3.03433 1.78602 14.4771 -0.145327 6.49714 8.73214 -0.168351 5.89461 -0.191557
internal_weight=3011 55 16 8 2956 61 55 6 2895 10 9 2885 11 2874
internal_count=3011 55 16 8 2956 61 55 6 2895 10 9 2885 11 2874
is_linear=0
shrinkage=0.05


Tree=12
num_leaves=15
num_cat=0
split_feature=14 2 31 49 49 11 47 12 32 15 11 17 50 5
split_gain=371198 636117 274326 229865 229140 988342 359276 313915 288277 192127 119043 117412 110991 200130
threshold=-0.070889169393617543 95.500000000000014 -0.084569985101946951 0.18885959762867918 0.12432888539209512 0.18011301201819421 -0.13418033717684161 0.10952930095845158 0.25633693975281285 0.30592225456330485 0.080289584140381356 -0.10426182657261716 0.12040139930718939 -0.042640619018578747
decision_type=2 2 2 2 2 2 2 2 2 2 2 2 2 2
left_child=1 2 -1 10 5 6 -2 11 9 12 -4 -6 -8 -14
right_child=4 -3 3 -5 7 -7 8 -9 -10 -11 -12 -13 13 -15
leaf_value=-1.1635897318522135 15.758411991596223 0.62576954792707395 15.53993355887277 27.748954264322919 9.6250840902328498 29.671738688151045 0.27353319835437595 15.922554898262025 16.125956980387368 10.294646072387696 3.6353824615478505 -0.27224200726802478 16.421900939941402 0.9865488529205324
leaf_weight=2.9999999999999991 3.9999999999999991 39 6.9999999999999982 2.9999999999999991 2.9999999999999991 2.9999999999999991 344 2.9999999999999991 2.9999999999999991 4.9999999999999991 3 2581 3 6.9999999999999982
leaf_count=3 4 39 7 3 3 3 344 3 3 5 3 2581 3 7
internal_value=4.92466e-09 4.06994 12.4651 15.6102 -0.0757262 1.08988 0.855606 -0.241984 0.690934 0.56195 11.9686 -0.260751 0.424483 5.61715
internal_weight=3011 55 16 13 2956 369 366 2587 362 359 10 2584 354 10
internal_count=3011 55 16 13 2956 369 366 2587 362 359 10 2584 354 10
is_linear=0
shrinkage=0.05


Tree=13
num_leaves=15
num_cat=0
split_feature=7 17 43 0 27 12 2 11 49 15 14 10 35 18
split_gain=340616 701383 566935 571825 395706 338606 332433 319785 91358.6 450436 139098 229103 111428 71278.9
threshold=0.13295225893585255 -0.08486285808194699 0.056557262695925724 1.5964951853206328 0.2376429122989441 0.16919521795350842 175.50000000000003 0.089487507653580337 0.1908250475016465 0.3615133633692687 -0.048247364410867209 -0.057928689257594972 -0.41796152667404213 -0.15135309609288181
decision_type=2 2 2 2 2 2 2 2 2 2 2 2 2 2
left_child=5 -2 13 7 -5 8 -7 -4 9 10 11 -1 -12 -3
right_child=1 2 3 4 -6 6 -8 -9 -10 -11 12 -13 -14 -15
leaf_value=13.678341064453116 26.119533030192059 4.9280204636710039 9.0269318580627456 0.73399354705104125 16.047146854400633 20.288323402404785 -1.7298103650410965 25.582939453124997 -0.28275324819916831 19.800928370157877 9.7714714050292972 1.4166596949100496 0.10152761226554759 -0.26372206183541724
leaf_weight=5.0000000000000027 2.9999999999999991 6.9999999999999991 6.9999999999999982 27 4.9999999999999991 3.9999999999999991 3 5 2376 2.9999999999999991 2.9999999999999991 15.999999999999998 428 119
leaf_count=5 3 7 7 27 5 4 3 5 2376 3 3 16 428 119
internal_value=6.60964e-09 2.15392 1.731 6.6172 3.12667 -0.1313 10.852 15.9253 -0.158457 0.490614 0.362448 4.33611 0.168836 0.0247081
internal_weight=3011 173 170 44 32 2838 7 12 2831 455 452 21 431 126
internal_count=3011 173 170 44 32 2838 7 12 2831 455 452 21 431 126
is_linear=0
shrinkage=0.05


Tree=14
num_leaves=15
num_cat=0
split_feature=7 5 43 27 12 2 25 12 5 49 49 15 14 10
split_gain=307406 648319 923930 409649 305592 300021 230273 337316 136804 97442.7 82451.1 406518 125536 206765
threshold=0.13295225893585255 -0.063454766760364975 0.093968884028650654 0.34063758055352927 0.16919521795350842 175.50000000000003 0.15194184630447941 -0.079126518018908298 -0.091621779500973569 -1.0000000180025095e-35 0.1908250475016465 0.3615133633692687 -0.048247364410867209 -0.057928689257594972
decision_type=2 2 2 2 2 2 2 2 2 2 2 2 2 2
left_child=4 2 3 -2 10 -6 9 -8 -4 -3 11 12 13 -1
right_child=1 6 8 -5 5 -7 7 -9 -10 -11 -12 -13 -14 -15
leaf_value=12.994424133300772 0.30077379544575994 9.0605223337809253 19.048557027180987 18.309257125854494 19.27390823364258 -1.6433197975158689 1.9813409924507142 19.16131935119629 34.148431396484376 -0.053302973156211943 -0.2686155982240282 18.810881296793621 0.16039400840752915 1.3458267185837032
leaf_weight=5.0000000000000027 15.000000000000005 2.9999999999999991 3 3.9999999999999991 3.9999999999999991 3 9.9999999999999982 3.9999999999999991 2.9999999999999991 131 2376 2.9999999999999991 431 15.999999999999998
leaf_count=5 15 3 3 4 4 3 10 4 3 131 2376 3 431 16
internal_value=-4.18702e-09 2.04623 9.49358 4.09203 -0.124735 10.3094 0.788227 6.88991 26.5985 0.150738 -0.150534 0.466083 0.344326 4.1193
internal_weight=3011 173 25 19 2838 7 148 14 6 134 2831 455 452 21
internal_count=3011 173 25 19 2838 7 148 14 6 134 2831 455 452 21
is_linear=0
shrinkage=0.05


Tree=15
num_leaves=15
num_cat=0
split_feature=0 4 15 33 51 36 14 13 7 4 35 28 46 41
split_gain=281307 1.15587e+06 695468 368162 289816 154306 135966 151812 119655 103759 92579.2 105544 89545 62253.4
threshold=1.6055369217767781 0.060412511091216488 0.3615133633692687 -0.066204537139711625 0.070234912234676206 0.053161023919667837 -0.070889169393617543 0.16811557516038625 0.22948967799066827 0.11863182303181311 0.091446579516715892 -0.085056342950425814 -0.056287886346727205 -0.3117165160981698
decision_type=2 2 2 2 2 2 2 2 2 2 2 2 2 2
left_child=1 2 3 -1 9 6 7 -5 -7 -3 13 12 -12 -2
right_child=10 4 -4 5 -6 8 -8 -9 -10 -11 11 -13 -14 -15
leaf_value=17.972224934895834 4.4971459933689664 15.522570343017581 21.519345617294313 12.04510894775391 27.595205307006832 2.7488277236620591 -0.0014990589908651403 -1.0235124111175535 14.978650665283197 3.7605467160542796 13.512408447265626 0.68491589784622198 3.5377175834443833 -0.22437548741766544
leaf_weight=2.9999999999999991 6.9999999999999991 4.9999999999999982 3.9999999999999991 4.9999999999999982 4 5.9999999999999982 296 4 3 3 2.9999999999999991 40 8.9999999999999982 2619
leaf_count=3 7 5 4 5 4 6 296 4 3 3 3 40 9 2619
internal_value=7.47038e-10 1.37053 0.800968 0.539537 16.6063 0.372983 0.182583 6.23683 6.82544 11.1118 -0.17042 1.91872 6.03139 -0.21179
internal_weight=3011 333 321 317 12 314 305 9 9 8 2678 52 12 2626
internal_count=3011 333 321 317 12 314 305 9 9 8 2678 52 12 2626
is_linear=0
shrinkage=0.05


Tree=16
num_leaves=15
num_cat=0
split_feature=7 5 43 27 12 27 25 12 5 49 0 26 6 14
split_gain=255663 547928 781387 340502 249409 298478 191790 279199 121143 77103.1 71995.1 70987.4 561081 53892.9
threshold=0.13295225893585255 -0.063454766760364975 0.093968884028650654 0.34063758055352927 0.10952930095845158 0.34939971165823985 0.15194184630447941 -0.079126518018908298 -0.091621779500973569 -1.0000000180025095e-35 1.4338283453966829 -0.17205301266085657 0.083689328922581324 -0.059742494441327093
decision_type=2 2 2 2 2 2 2 2 2 2 2 2 2 2
left_child=4 2 3 -2 11 10 9 -8 -4 -3 -6 12 -1 -13
right_child=1 6 8 -5 5 -7 7 -9 -10 -11 -12 13 -14 -15
leaf_value=0.50429620061395242 0.28866316636403389 8.0533287048339854 17.338130950927731 16.707063293457033 8.8509036382039419 20.737624613444012 1.8123728156089784 17.442433547973632 31.547482299804688 -0.05370767268970722 -0.63560559352238966 1.5419053286652673 22.440245183308921 -0.22230636281099156
leaf_weight=103 15.000000000000005 2.9999999999999991 3 3.9999999999999991 2.9999999999999982 2.9999999999999991 9.9999999999999982 3.9999999999999991 2.9999999999999991 131 6 44 2.9999999999999991 2676
leaf_count=103 15 3 3 4 3 3 10 4 3 131 6 44 3 2676
internal_value=-4.40131e-09 1.86609 8.7126 3.74517 -0.113754 7.07933 0.709579 6.2781 24.4428 0.127793 2.52656 -0.144298 1.12512 -0.193768
internal_weight=3011 173 25 19 2838 12 148 14 6 134 9 2826 106 2720
internal_count=3011 173 25 19 2838 12 148 14 6 134 9 2826 106 2720
is_linear=0
shrinkage=0.05


Tree=17
num_leaves=15
num_cat=0
split_feature=0 4 15 33 51 36 14 7 20 49 10 27 26 41
split_gain=235132 958882 587344 306948 240245 124592 118927 97972.9 88783.6 84035.9 142260 154219 65666.9 51543.5
threshold=1.6055369217767781 0.060412511091216488 0.3615133633692687 -0.066204537139711625 0.070234912234676206 0.053161023919667837 -0.13763447293215839 0.22948967799066827 0.061085041110589856 0.11441813109879827 -0.051299050825803695 0.3064283943293446 -0.082304383059775207 -0.3117165160981698
decision_type=2 2 2 2 2 2 2 2 2 2 2 2 2 2
left_child=1 2 3 -1 8 6 -5 -7 -3 10 11 -2 -12 -11
right_child=9 4 -4 5 -6 7 -8 -9 -10 13 12 -13 -14 -15
leaf_value=16.411580657958986 3.0140162641351878 3.3272365570068367 19.774090194702151 7.8186273384094243 25.135013580322262 2.4511161158171797 0.043362388690312705 13.517557779947914 14.20740997314453 4.0564770426068995 2.0686655657446904 15.80328572591146 -0.19034421350981032 -0.24001688647289249
leaf_weight=2.9999999999999991 10.999999999999998 2.9999999999999982 3.9999999999999991 4.9999999999999991 4 5.9999999999999982 300 3 5 6.9999999999999991 46 2.9999999999999991 107 2504
leaf_count=3 11 3 4 5 4 6 300 3 5 7 46 3 107 2504
internal_value=5.57179e-09 1.25301 0.734244 0.493994 15.1299 0.341915 0.170826 6.13993 10.1273 -0.155807 0.930274 5.75457 0.488835 -0.228039
internal_weight=3011 333 321 317 12 314 305 9 8 2678 167 14 153 2511
internal_count=3011 333 321 317 12 314 305 9 8 2678 167 14 153 2511
is_linear=0
shrinkage=0.05


Tree=18
num_leaves=15
num_cat=0
split_feature=0 4 15 33 51 26 48 29 20 35 28 46 33 35
split_gain=212206 865391 530078 277021 216822 113436 176943 108945 80127.2 76309.3 91744.9 76344.5 50046.6 255250
threshold=1.6055369217767781 0.060412511091216488 0.3615133633692687 -0.066204537139711625 0.070234912234676206 0.058925831510930123 0.066778180821497293 -0.11858638938565695 0.061085041110589856 0.091446579516715892 -0.085056342950425814 -0.056287886346727205 -0.066204537139711625 -0.034159628349722436
decision_type=2 2 2 2 2 2 2 2 2 2 2 2 2 2
left_child=1 2 3 -1 8 7 -7 -5 -3 12 11 -11 13 -2
right_child=9 4 -4 5 -6 6 -8 -9 -10 10 -12 -13 -14 -15
leaf_value=15.591002146402994 -0.4283906698226928 3.1608746846516937 18.7853853225708 8.3322727441787716 23.878262710571285 0.79914774298667923 13.678729820251462 0.02535560621111185 13.497039794921873 12.49072265625 0.59836242377758031 3.280556048287286 -0.20517329276852211 13.609709882736206
leaf_weight=2.9999999999999991 17.000000000000004 2.9999999999999982 3.9999999999999991 3.9999999999999991 4 7.9999999999999982 4 298 5 2.9999999999999991 40 8.9999999999999982 2605 3.9999999999999991
leaf_count=3 17 3 4 4 4 8 4 298 5 3 40 9 2605 4
internal_value=8.06684e-09 1.19036 0.697532 0.469294 14.3734 0.324819 5.09234 0.135381 9.62098 -0.148017 1.74869 5.5831 -0.185575 2.24553
internal_weight=3011 333 321 317 12 314 12 302 8 2678 52 12 2626 21
internal_count=3011 333 321 317 12 314 12 302 8 2678 52 12 2626 21
is_linear=0
shrinkage=0.05


Tree=19
num_leaves=15
num_cat=0
split_feature=7 5 43 27 12 27 25 12 5 49 15 35 37 31
split_gain=193383 438169 611373 273692 190449 227914 142315 200379 103173 59995.8 275772 90172.3 87528.3 94505
threshold=0.13295225893585255 -0.063454766760364975 0.093968884028650654 0.34063758055352927 0.10952930095845158 0.34939971165823985 0.15194184630447941 -0.079126518018908298 -0.091621779500973569 0.1908250475016465 0.3615133633692687 -0.41796152667404213 -0.1423563052996388 0.093802701324316076
decision_type=2 2 2 2 2 2 2 2 2 2 2 2 2 2
left_child=4 2 3 -2 9 -6 -3 -8 -4 10 11 -1 13 -13
right_child=1 6 8 -5 5 -7 7 -9 -10 -11 -12 12 -14 -15
leaf_value=8.9409351666768391 0.25263176600138337 0.087591953431047614 15.102940622965491 14.972434997558594 2.2083408276240033 18.121777852376304 1.602346350848675 14.843645095825195 28.21612548828125 -0.22614835852218859 15.511448542277018 2.0135767658551535 0.11261651543619462 11.935407892862957
leaf_weight=2.9999999999999991 15.000000000000005 134 3 3.9999999999999991 8.9999999999999982 2.9999999999999991 9.9999999999999982 3.9999999999999991 2.9999999999999991 2374 2.9999999999999991 11.999999999999998 431 2.9999999999999991
leaf_count=3 15 134 3 4 9 3 10 4 3 2374 3 12 431 3
internal_value=-2.49474e-09 1.62296 7.74546 3.35154 -0.098933 6.1867 0.588752 5.38557 21.6595 -0.125624 0.402354 0.301402 0.243289 3.99794
internal_weight=3011 173 25 19 2838 12 148 14 6 2826 452 449 446 15
internal_count=3011 173 25 19 2838 12 148 14 6 2826 452 449 446 15
is_linear=0
shrinkage=0.05


end of trees

feature_importances:
embedding_45=23
embedding_01=20
embedding_11=19
prompt_approx_tokens=18
embedding_08=18
embedding_10=18
embedding_03=17
embedding_07=15
embedding_27=13
embedding_23=11
embedding_31=9
embedding_32=8
embedding_29=7
embedding_39=7
a2_score=6
embedding_13=6
embedding_47=6
embedding_12=5
embedding_22=5
embedding_00=4
embedding_06=4
embedding_16=4
embedding_19=4
embedding_21=4
embedding_24=4
embedding_05=3
embedding_28=3
embedding_09=2
embedding_25=2
embedding_33=2
embedding_37=2
embedding_42=2
embedding_46=2
embedding_02=1
embedding_14=1
embedding_35=1
embedding_38=1
embedding_40=1
embedding_43=1
embedding_44=1

parameters:
[boosting: gbdt]
[objective: regression]
[metric: rmse]
[tree_learner: serial]
[device_type: cpu]
[data_sample_strategy: bagging]
[data: ]
[valid: ]
[num_iterations: 20]
[learning_rate: 0.05]
[num_leaves: 15]
[num_threads: 1]
[seed: 23]
[deterministic: 0]
[force_col_wise: 1]
[force_row_wise: 0]
[histogram_pool_size: -1]
[max_depth: -1]
[min_data_in_leaf: 3]
[min_sum_hessian_in_leaf: 0.001]
[bagging_fraction: 1]
[pos_bagging_fraction: 1]
[neg_bagging_fraction: 1]
[bagging_freq: 0]
[bagging_seed: 25556]
[bagging_by_query: 0]
[feature_fraction: 1]
[feature_fraction_bynode: 1]
[feature_fraction_seed: 31605]
[extra_trees: 0]
[extra_seed: 3808]
[early_stopping_round: 0]
[early_stopping_min_delta: 0]
[first_metric_only: 0]
[max_delta_step: 0]
[lambda_l1: 0]
[lambda_l2: 0]
[linear_lambda: 0]
[min_gain_to_split: 0]
[drop_rate: 0.1]
[max_drop: 50]
[skip_drop: 0.5]
[xgboost_dart_mode: 0]
[uniform_drop: 0]
[drop_seed: 6130]
[top_rate: 0.2]
[other_rate: 0.1]
[min_data_per_group: 100]
[max_cat_threshold: 32]
[cat_l2: 10]
[cat_smooth: 10]
[max_cat_to_onehot: 4]
[top_k: 20]
[monotone_constraints: ]
[monotone_constraints_method: basic]
[monotone_penalty: 0]
[feature_contri: ]
[forcedsplits_filename: ]
[refit_decay_rate: 0.9]
[cegb_tradeoff: 1]
[cegb_penalty_split: 0]
[cegb_penalty_feature_lazy: ]
[cegb_penalty_feature_coupled: ]
[path_smooth: 0]
[interaction_constraints: ]
[verbosity: -1]
[saved_feature_importance_type: 0]
[use_quantized_grad: 0]
[num_grad_quant_bins: 4]
[quant_train_renew_leaf: 0]
[stochastic_rounding: 1]
[linear_tree: 0]
[max_bin: 255]
[max_bin_by_feature: ]
[min_data_in_bin: 3]
[bin_construct_sample_cnt: 200000]
[data_random_seed: 113]
[is_enable_sparse: 1]
[enable_bundle: 1]
[use_missing: 1]
[zero_as_missing: 0]
[feature_pre_filter: 1]
[pre_partition: 0]
[two_round: 0]
[header: 0]
[label_column: ]
[weight_column: ]
[group_column: ]
[ignore_column: ]
[categorical_feature: ]
[forcedbins_filename: ]
[precise_float_parser: 0]
[parser_config_file: ]
[objective_seed: 16714]
[num_class: 1]
[is_unbalance: 0]
[scale_pos_weight: 1]
[sigmoid: 1]
[boost_from_average: 1]
[reg_sqrt: 0]
[alpha: 0.9]
[fair_c: 1]
[poisson_max_delta_step: 0.7]
[tweedie_variance_power: 1.5]
[lambdarank_truncation_level: 30]
[lambdarank_norm: 1]
[label_gain: ]
[lambdarank_position_bias_regularization: 0]
[eval_at: ]
[multi_error_top_k: 1]
[auc_mu_weights: ]
[num_machines: 1]
[local_listen_port: 12400]
[time_out: 120]
[machine_list_filename: ]
[machines: ]
[gpu_platform_id: -1]
[gpu_device_id: -1]
[gpu_device_id_list: ]
[gpu_use_dp: 0]
[num_gpu: 1]

end of parameters

pandas_categorical:null
