tree
version=v4
num_class=1
num_tree_per_iteration=1
label_index=0
max_feature_idx=51
objective=binary sigmoid:1
feature_names=a2_score has_code_fence prompt_approx_tokens prompt_chars embedding_00 embedding_01 embedding_02 embedding_03 embedding_04 embedding_05 embedding_06 embedding_07 embedding_08 embedding_09 embedding_10 embedding_11 embedding_12 embedding_13 embedding_14 embedding_15 embedding_16 embedding_17 embedding_18 embedding_19 embedding_20 embedding_21 embedding_22 embedding_23 embedding_24 embedding_25 embedding_26 embedding_27 embedding_28 embedding_29 embedding_30 embedding_31 embedding_32 embedding_33 embedding_34 embedding_35 embedding_36 embedding_37 embedding_38 embedding_39 embedding_40 embedding_41 embedding_42 embedding_43 embedding_44 embedding_45 embedding_46 embedding_47
feature_infos=[0.40757034240918583:0.42324935460274438] none [8:965] [34:3860] [-0.41087217443874041:0.61782155193190347] [-0.48471791416315496:0.50738849249045237] [-0.58520573598065284:0.1637091018140116] [-0.457495710997814:0.48970210687439175] [-0.41646336503628284:0.36980013081681939] [-0.46164353574848277:0.27910827799011501] [-0.49030428616306426:0.35382651028683815] [-0.41130179815941625:0.42628184178677897] [-0.7761441759351253:0.25514595333753737] [-0.25087260300212721:0.56200266417119338] [-0.38669459561826541:0.57796492950336786] [-0.48622141449773226:0.48730810225589299] [-0.55001909821692674:0.39036002917941331] [-0.23408229439226114:0.70149986857704305] [-0.3596943895981084:0.42459591394742019] [-0.3481553119113957:0.47546492756792713] [-0.3245134270208202:0.52075564392329554] [-0.39082557499682519:0.32882426898275152] [-0.41281254969226883:0.45401858887714786] [-0.49763795114508702:0.41301708893558936] [-0.53839652650374503:0.42173074971558477] [-0.30845685446746224:0.51089105201080265] [-0.40388187304691769:0.36099410255771208] [-0.2290393337255473:0.6393508022779113] [-0.40927275453502904:0.33633639699815621] [-0.42444648726183282:0.25630729731502827] [-0.73874861306336814:0.21031022607861385] [-0.4681734716045628:0.40689422938557973] [-0.30599503068105227:0.41130179815941625] [-0.2520988421229669:0.59213690821293896] [-0.43249857361756672:0.4493247650413843] [-0.64379044019311227:0.34731435582359393] [-0.48314531438551706:0.27044936151312532] [-0.3576777653141881:0.55381861969499646] [-0.5121475197315839:0.33776026473659926] [-0.53951250094920478:0.43748483228844198] [-0.63167616570923679:0.68475227121768012] [-0.48949020986880254:0.48218561322280346] [-0.46114398896535042:0.38087317795088099] [-0.44766148103584524:0.36014120303280989] [-0.39773369280899523:0.42008402520840299] [-0.48434471241406046:0.48800932206302489] [-0.75925660236529657:0.33806170189140661] [-0.51314236049113426:0.3563249516154553] [-0.43560684186903209:0.43070552164653242] [-0.42111744380615784:0.62985816774525505] [-0.35666297896665838:0.37577968896651326] [-0.51047656089015592:0.41650600860529929]
tree_sizes=1684 1730 1728 1738 1739 1736 1740 1732 1736 1734 1741 1743 1723 1746 1733 1741 1739 1734 1756 1741 1743 1726 1743 1727 1732 1735 1747 1730 1747 1742

Tree=0
num_leaves=15
num_cat=0
split_feature=49 2 2 32 39 20 49 45 4 36 38 48 2 29
split_gain=64.2285 26.5859 23.7583 21.9292 17.515 16.9817 16.1868 15.718 26.8031 19.2622 16.315 15.8287 20.9267 16.8338
threshold=0.18397813741697538 378.50000000000006 401.00000000000006 0.055815369751525588 0.11619339039327706 0.42741789263925306 0.25819922179388877 -0.074227014713024564 -0.036155168973252876 -0.18375860717865625 -0.21596221204351193 0.046984442014325327 146.50000000000003 0.082831902211987288
decision_type=2 2 2 2 2 2 2 2 2 2 2 2 2 2
left_child=2 3 5 4 -2 -1 -3 8 9 -5 -10 13 -13 -9
right_child=1 6 -4 7 -6 -7 -8 11 10 -11 -12 12 -14 -15
leaf_value=-1.1541978674362021 -1.1022196988064512 -1.0843048037873972 -1.0343160691342301 -1.0873829278423952 -1.1433677555795387 -1.0396720049899266 -0.98908816635279329 -1.1011282145445267 -0.9881726217620761 -1.0152209934747907 -1.1241309934836017 -1.0371924050567338 -1.1248800754214614 -1.1487744020504103
leaf_weight=87.753104716539383 53.958823963999748 9.5221454054117221 4.6677183359861365 16.243659809231758 49.664523094892502 3.360757201910018 8.4018930047750455 229.83845086395741 2.4272135347127941 21.471504345536232 24.272135347127914 20.164543211460117 10.2689803391695 20.164543211460114
leaf_count=470 289 51 25 87 266 18 45 1231 13 115 130 108 55 108
internal_value=-1.10704 -1.09938 -1.14434 -1.10177 -1.12194 -1.14997 -1.03967 -1.09571 -1.07344 -1.0463 -1.11177 -1.10083 -1.06678 -1.10497
internal_weight=562.18 466.398 95.7816 448.474 103.623 91.1139 17.924 344.851 64.4145 37.7152 26.6993 280.437 30.4335 250.003
internal_count=3011 2498 513 2402 555 488 96 1847 345 202 143 1502 163 1339
is_linear=0
shrinkage=1


Tree=1
num_leaves=15
num_cat=0
split_feature=49 2 40 12 48 11 26 27 0 29 44 49 42 9
split_gain=59.7367 28.8736 23.8638 22.136 18.3499 16.6235 15.9832 13.8355 15.226 14.1437 12.7382 18.974 14.6112 12.0438
threshold=0.036916455896751778 378.50000000000006 0.082329140468648865 -0.2656661924307202 0.15419545160023204 -0.17897824342692939 0.046324185457145804 0.29832677703148441 0.4184796578243492 0.05679640505561586 -0.032933609303167209 0.25973795746005429 -0.044367889943113185 -0.058583339743620809
decision_type=2 2 2 2 2 2 2 2 2 2 2 2 2 2
left_child=5 2 4 -4 7 -1 -3 8 9 -2 11 -5 -13 -9
right_child=1 6 3 10 -6 -7 -8 13 -10 -11 -12 12 -14 -15
leaf_value=0.042591243986308695 0.0093992387079631298 0.036739956484685692 -0.037998018725558233 -0.010815453994277538 0.10911382797587166 -0.057040941378833691 0.13376267076326012 0.015912085193742955 0.081374413088972808 -0.020239331034710949 -0.0076679287243064847 -0.033429493380664727 0.14260644098866679 0.17629896944246812
leaf_weight=4.5564670860767356 295.15533715486526 19.184619352221493 60.050085157155991 7.214210778474806 4.5420047044754019 51.578439071774483 5.4508621692657462 2.4259248971939087 6.7167074084281913 46.608186304569244 49.396396026015282 1.501308813691139 5.4864284247159958 2.2617615461349478
leaf_count=24 1575 100 324 39 24 283 28 13 35 251 266 8 29 12
internal_value=-1.77718e-05 0.00541119 0.00270913 -0.0162264 0.00925451 -0.0489538 0.0582073 0.00797024 0.00682244 0.00535726 0.0043306 0.0460632 0.104785 0.0932971
internal_weight=562.129 505.994 481.358 123.648 357.71 56.1349 24.6355 353.168 348.48 341.764 63.5983 14.2019 6.98774 4.68769
internal_count=3011 2704 2576 666 1910 307 128 1886 1861 1826 342 76 37 25
is_linear=0
shrinkage=0.05


Tree=2
num_leaves=15
num_cat=0
split_feature=49 2 12 29 0 27 11 31 26 22 48 41 28 39
split_gain=55.298 26.1998 20.4478 15.6568 15.0825 15.0451 14.0949 13.9963 12.1362 12.0409 11.2473 16.1259 12.7977 10.9664
threshold=0.07415146371300875 378.50000000000006 -0.52607416174675581 0.083591750782006022 0.41651782701537671 0.29832677703148441 -0.29332507119165091 -0.052414390183584576 0.046324185457145804 0.27437801151642388 0.12546592236621354 -0.03537754000783469 0.10857069837347967 -1.0000000180025095e-35
decision_type=2 2 2 2 2 2 2 2 2 2 2 2 2 2
left_child=6 2 -2 4 5 10 -1 13 -3 -5 -4 -12 -13 -6
right_child=1 8 3 9 7 -7 -8 -9 -10 -11 11 12 -14 -15
leaf_value=0.047052664089960762 -0.05528815382109975 0.036402123142424331 0.0031504437465393401 -0.029611147084419157 0.022870539052635613 0.091711994848261313 -0.051109500894654186 0.0071143347043828593 0.11956380901620312 0.12462420127496372 0.11996235013955528 -0.035110151105857565 0.18135118166934733 0.13684476140415486
leaf_weight=3.9057488441467276 14.63822105526924 18.16631351411343 387.50559325516224 39.819993823766708 3.3008549213409424 5.0118108838796607 57.397633776068687 8.6769229173660261 5.7838634997606269 1.3069379776716221 5.052299976348877 4.7094758749008161 0.79862308502197255 5.8526560068130511
leaf_count=20 81 93 2069 217 17 26 323 45 28 7 26 25 4 30
internal_value=-3.2678e-05 0.00545605 0.00289211 0.00473538 0.00761247 0.0056218 -0.0448554 0.0526139 0.0564853 -0.0247098 0.00453789 0.0554493 -0.00372527 0.0957444
internal_weight=561.927 500.624 476.673 462.035 420.908 403.078 61.3034 17.8304 23.9502 41.1269 398.066 10.5604 5.5081 9.15351
internal_count=3011 2668 2547 2466 2242 2150 343 92 121 224 2124 55 29 47
is_linear=0
shrinkage=0.05


Tree=3
num_leaves=15
num_cat=0
split_feature=49 2 40 12 48 11 32 33 51 29 8 51 49 44
split_gain=51.425 22.3072 20.9018 20.1228 14.8764 14.6828 13.7881 12.9623 12.434 12.1568 12.6727 20.8526 12.1013 16.0492
threshold=0.036916455896751778 378.50000000000006 0.082329140468648865 -0.25870337210771466 0.033261352157938531 -0.17897824342692939 0.1439010702976771 0.20601594595371212 0.060535077183755802 0.082831902211987288 -0.26337733979381189 0.048795107378730544 0.21907746278067766 -0.032933609303167209
decision_type=2 2 2 2 2 2 2 2 2 2 2 2 2 2
left_child=5 2 4 -4 9 -1 -6 -8 -9 10 11 -2 -5 -14
right_child=1 -3 3 12 6 -7 7 8 -10 -11 -12 -13 13 -15
leaf_value=0.037495470962567674 -0.066826871730353427 0.050103879873532611 -0.035257286783466429 -0.027105673236584506 0.014258316188399432 -0.054900267387716223 0.008404822545112909 0.14500652346690654 0.042720716709526325 -0.029209191767999257 0.0060649132777826735 0.17620255292987821 0.081208147745591264 0.0044322765575289646
leaf_weight=4.7166194170713416 1.318769991397857 25.856121003627777 62.519303292036057 19.432788357138634 32.446878492832184 48.653027281165123 5.9267473965883282 6.5754120051860792 5.4203312695026398 24.753197804093361 280.91111660003662 2.6688905358314514 8.6680076420307142 31.701174780726433
leaf_count=24 7 128 345 107 170 283 31 34 28 137 1489 14 44 170
internal_value=-4.45058e-05 0.00485877 0.00243339 -0.0154231 0.00850035 -0.0467347 0.0337008 0.0688995 0.0987882 0.00440112 0.00732133 0.0958296 0.00531224 0.0209175
internal_weight=561.568 508.199 482.343 122.321 360.021 53.3696 50.3694 17.9225 11.9957 309.652 284.899 3.98766 59.802 40.3692
internal_count=3011 2704 2576 666 1910 307 263 93 62 1647 1510 21 321 214
is_linear=0
shrinkage=0.05


Tree=4
num_leaves=15
num_cat=0
split_feature=49 12 2 22 19 48 11 51 7 10 37 10 29 27
split_gain=47.6037 20.2594 18.7555 14.8608 17.2995 17.0424 13.7521 13.0526 13.4031 12.7616 14.2533 14.3704 11.5964 11.1101
threshold=0.036916455896751778 -0.52607416174675581 378.50000000000006 0.05407398041149606 -0.02658031922761217 0.18446418352396651 -0.17897824342692939 -0.070233503304867453 -0.1682322700886377 0.087720026417222388 0.091621779500973596 0.049713436315097358 0.082831902211987288 0.083844750088449535
decision_type=2 2 2 2 2 2 2 2 2 2 2 2 2 2
left_child=6 -2 3 12 -5 7 -1 8 -6 10 11 -10 -3 -9
right_child=1 2 -4 4 5 -7 -8 13 9 -11 -12 -13 -14 -15
leaf_value=0.03500520401001133 -0.053938276651062447 -0.0036180069101231201 0.047454979443103201 -0.013562422286471521 -0.038104506503633041 0.13691884717288158 -0.053851327445556096 -0.0045295220943591423 0.030423945436175177 -0.014117408342831426 0.15982623819153338 0.1974976498270955 -0.045959714938940723 0.018983798731520278
leaf_weight=4.7973829656839362 14.365428104996679 138.53458040952682 26.211203083395958 61.034607350826263 3.5322819501161602 2.8861939609050742 47.158752709627151 75.538369908928871 8.6543023586273211 3.7716920971870413 4.7979404479265204 1.5118810534477223 18.307599186897278 149.99254314601421
leaf_count=24 83 739 127 325 19 14 283 403 45 20 24 8 103 794
internal_value=-5.64884e-05 0.00459587 0.00629537 0.00399291 0.0103091 0.0161212 -0.0456467 0.0147142 0.0512341 0.0680772 0.0887942 0.0552706 -0.0085604 0.0111083
internal_weight=561.095 509.139 494.773 468.562 311.72 250.685 51.9561 247.799 22.2681 18.7358 14.9641 10.1662 156.842 225.531
internal_count=3011 2704 2621 2494 1652 1327 307 1313 116 97 77 53 842 1197
is_linear=0
shrinkage=0.05


Tree=5
num_leaves=15
num_cat=0
split_feature=49 17 19 40 29 19 41 34 37 38 39 20 35 36
split_gain=44.4158 16.7134 19.834 15.7026 16.5739 14.2297 18.1399 15.4326 14.4366 13.1542 13.5564 12.9922 13.1184 12.7801
threshold=0.18397813741697538 0.44288025837589101 0.19273875853253461 0.34057536756195961 0.06600986557189345 0.0424099095000188 -0.056796405055615846 -0.057260540348006629 0.14128497970134382 -0.047153573962367225 0.20470283040436157 0.21417517204890099 -0.17575001923086242 -0.095171711774271917
decision_type=2 2 2 2 2 2 2 2 2 2 2 2 2 2
left_child=1 11 -3 4 5 6 -2 8 -7 -6 -11 12 -1 -5
right_child=3 2 -4 13 9 7 -8 -9 -10 10 -12 -13 -14 -15
leaf_value=0.019610787387480753 0.015404891008686606 -0.0096147784453395075 0.16468167028017344 0.0094447865671342529 -0.036380267975196993 0.002998217606893526 -0.014691470896004531 0.038432504281523477 0.05813295478490077 0.0074392232569828153 0.20693384488409206 0.036338516751251264 -0.05226666219093095 0.099440028258859961
leaf_weight=7.0150842964649192 88.842030689120293 6.8577074259519559 2.142014667391777 7.7865006178617477 39.690352901816368 127.29352805018425 114.71167677640915 60.023507684469223 13.09412896633148 12.225952208042141 0.9153308570384987 5.2002306580543509 66.751555591821671 7.9958237558603269
leaf_count=39 467 36 11 41 223 669 608 310 68 67 5 26 401 40
internal_value=-6.67811e-05 -0.0326888 0.0318693 0.00600554 0.00431143 0.00775569 -0.00155576 0.0172132 0.0081407 -0.0220243 0.0213346 -0.0400464 -0.0454312 0.0550392
internal_weight=560.545 87.9666 8.99972 472.579 456.797 403.965 203.554 200.411 140.388 52.8316 13.1413 78.9669 73.7666 15.7823
internal_count=3011 513 47 2498 2417 2122 1075 1047 737 295 72 466 440 81
is_linear=0
shrinkage=0.05


Tree=6
num_leaves=15
num_cat=0
split_feature=49 12 2 22 19 48 11 51 7 29 10 27 32 41
split_gain=41.0525 17.8834 15.1208 13.183 13.9525 12.788 12.2236 11.7053 11.7468 11.0929 11.0256 10.5776 11.9639 15.8072
threshold=0.036916455896751778 -0.52607416174675581 378.50000000000006 0.056077423362879242 -0.02658031922761217 0.18446418352396651 -0.17897824342692939 -0.070233503304867453 -0.1682322700886377 0.082831902211987288 0.087720026417222388 0.083844750088449535 0.048301584264523023 0.063516563230185424
decision_type=2 2 2 2 2 2 2 2 2 2 2 2 2 2
left_child=6 -2 3 9 -5 7 -1 8 -6 -3 -10 -9 -13 -14
right_child=1 2 -4 4 5 -7 -8 11 10 -11 -12 12 13 -15
leaf_value=0.031098671547137455 -0.052261158704611357 -0.0033089448659941695 0.04203020057234641 -0.012055363675857573 -0.03688699507514006 0.12065593592310682 -0.051948027088011245 -0.0052674879595638567 0.081899138524495665 -0.044797654384555498 -0.013687213041677405 -0.025342777726458418 0.019236413181347757 0.11218968655994029
leaf_weight=4.922526776790618 13.6834579706192 143.96472336351871 27.053076356649399 59.619593009352684 3.4595338404178646 2.8249246031045905 44.366655364632607 73.990004107356071 15.431240677833559 18.141348034143448 3.749961629509925 14.463868618011473 129.60222354531288 4.7409877032041541
leaf_count=24 83 767 127 320 19 13 283 395 76 106 20 77 676 25
internal_value=-7.70582e-05 0.00412849 0.00568089 0.00358858 0.0096649 0.014881 -0.0436541 0.0136635 0.0479166 -0.00795196 0.0632118 0.0101827 0.0178649 0.0225167
internal_weight=560.014 510.725 497.041 469.988 307.882 248.263 49.2892 245.438 22.6407 162.106 19.1812 222.797 148.807 134.343
internal_count=3011 2704 2621 2494 1621 1301 307 1288 115 873 96 1173 778 701
is_linear=0
shrinkage=0.05


Tree=7
num_leaves=15
num_cat=0
split_feature=49 17 19 32 2 24 48 27 31 19 38 17 42 20
split_gain=38.0902 14.6052 16.2653 14.2006 18.2979 14.2242 12.5857 17.9162 13.4914 12.1391 11.7283 11.968 13.0799 11.4619
threshold=0.18397813741697538 0.44288025837589101 0.19273875853253461 0.057413599840863611 154.50000000000003 0.039043474495135858 0.050070876068995095 0.14341768719934292 -0.17602434014420346 -0.040096385853003298 -0.0847808063447021 0.26910295000413953 -0.053149559392331229 0.21417517204890099
decision_type=2 2 2 2 2 2 2 2 2 2 2 2 2 2
left_child=1 13 -3 4 5 -2 7 -5 -9 -6 -8 -12 -13 -1
right_child=3 2 -4 6 9 -7 10 8 -10 -11 11 12 -14 -15
leaf_value=-0.04355271804413114 -0.048219169965288883 -0.01004669248647593 0.14317806450673809 -0.00033719285835560588 0.12081423226806159 -0.0056823013102111526 0.060782125549154603 0.10852106803657578 0.021829379738756156 0.013162866142628668 -0.02593136101972851 -0.013977502887024679 0.088543986260289101 0.032490001559981413
leaf_weight=70.260598734021187 32.031513571739197 6.8714598119258863 2.3156559020280838 234.59736743569374 2.9068418294191387 50.857903569936752 22.215165540575981 4.7683572918176642 76.303566724061966 26.41981452703476 11.69271892309189 5.481859102845192 7.1937465667724592 5.3314315378665915
leaf_count=440 180 36 11 1238 15 273 111 24 396 138 60 28 35 26
internal_value=-8.48306e-05 -0.0309546 0.0285743 0.00543105 -0.0101106 -0.0221201 0.0102454 0.00666527 0.0269283 0.0238332 0.0345062 0.0105519 0.0442062 -0.0381895
internal_weight=559.248 84.7791 9.18712 474.469 112.216 82.8894 362.253 315.669 81.0719 29.3267 46.5835 24.3683 12.6756 75.592
internal_count=3011 513 47 2498 606 453 1892 1658 420 153 234 123 63 466
is_linear=0
shrinkage=0.05


Tree=8
num_leaves=15
num_cat=0
split_feature=49 12 29 22 2 49 11 23 46 35 47 41 45 13
split_gain=35.7258 15.6728 13.3221 12.1792 12.1082 10.9164 10.9158 10.8101 12.1887 11.1462 10.312 9.7116 13.218 13.3891
threshold=0.036916455896751778 -0.52607416174675581 0.094929166115379091 0.26584813873241153 378.50000000000006 0.25819922179388877 -0.17897824342692939 -0.029185809377279812 0.095782817472032419 1.0000000180025095e-35 -0.22021344356737985 -0.052270983678104711 -0.087889180696744271 0.31820919443371548
decision_type=2 2 2 2 2 2 2 2 2 2 2 2 2 2
left_child=6 -2 4 -4 10 7 -1 8 9 -6 -3 -12 13 -13
right_child=1 2 3 -5 5 -7 -8 -9 -10 -11 11 12 -14 -15
leaf_value=0.027708333988124501 -0.050540616160912002 -0.034520665214580221 -0.032252953736665563 0.12325166694235697 0.12966075861481349 0.081735849555775023 -0.050250096997903775 -0.019931223996003555 -0.071186502474570257 -0.017973071821789307 0.01402382021908892 0.018234466570388134 -0.0075300101587513924 0.15929647227449412
leaf_weight=5.0302717536687842 12.964331075549124 15.686937391757963 30.952669069170952 1.3125230371952046 4.6382433325052288 9.8387032896280271 41.825582966208458 9.5406425297260302 1.4586464464664457 1.7649823874235151 220.6075554639101 39.01754404604435 162.17216619849205 1.7579652667045582
leaf_count=24 83 85 179 7 21 44 283 45 7 8 1149 205 862 9
internal_value=-9.25396e-05 0.00373387 0.00514467 -0.0259271 0.00729381 0.0396406 -0.0418808 0.0158416 0.0592531 0.088967 0.0052877 0.00676206 -0.0011316 0.0243161
internal_weight=558.569 511.713 498.749 32.2652 466.483 27.2412 46.8559 17.4025 7.86187 6.40323 439.242 423.555 202.948 40.7755
internal_count=3011 2704 2621 186 2435 125 307 81 36 29 2310 2225 1076 214
is_linear=0
shrinkage=0.05


Tree=9
num_leaves=15
num_cat=0
split_feature=49 12 29 19 41 50 44 26 0 11 27 16 48 10
split_gain=33.1195 14.5359 12.1877 11.7026 14.2989 12.7397 11.5889 16.9587 11.3292 10.27 9.18177 11.087 9.45837 12.0534
threshold=0.036916455896751778 -0.52607416174675581 0.083591750782006022 0.0424099095000188 -0.056796405055615846 -0.088681165073738452 -0.044367889943113185 -0.037742596525130297 0.41874486427159607 -0.17897824342692939 0.29832677703148441 0.087964626166440921 0.027869209680758362 0.054717749452967208
decision_type=2 2 2 2 2 2 2 2 2 2 2 2 2 2
left_child=9 -2 3 4 5 -3 7 -6 10 -1 12 -12 -5 -14
right_child=1 2 -4 8 6 -7 -8 -9 -10 -11 11 -13 13 -15
leaf_value=0.02603207480451596 -0.04957798857481728 0.15515060634024652 -0.021446070622097472 0.0066684253453783973 -0.046150867430563486 0.011241420683980249 -0.017491760673493138 0.066904281303221111 0.097459684603188948 -0.049355481637378455 0.14775631321055022 -0.068193429447570911 0.047697564402486375 -0.0022320496630912545
leaf_weight=5.0850114822387686 12.565425917506216 1.5634686946868885 40.430976092815399 175.1685872823 4.9663799703121176 93.946749657392502 112.45664976537228 9.9882018864154798 4.0875526815652838 40.488614559173584 2.504351899027824 0.77931192517280568 35.393385425209999 18.356391787528992
leaf_count=24 83 8 234 912 27 486 601 52 19 283 12 4 174 92
internal_value=-9.82389e-05 0.003536 0.00487176 0.0071889 -0.00102882 0.0135972 -0.0119928 0.0293589 0.0149417 -0.0409439 0.0134891 0.096505 0.0122983 0.0306458
internal_weight=557.781 512.207 499.642 459.211 222.921 95.5102 127.411 14.9546 236.29 45.5736 232.202 3.28366 228.918 53.7498
internal_count=3011 2704 2621 2387 1174 494 680 79 1213 307 1194 16 1178 266
is_linear=0
shrinkage=0.05


Tree=10
num_leaves=15
num_cat=0
split_feature=49 12 29 22 2 11 47 49 23 46 35 30 46 35
split_gain=30.706 13.4856 11.1626 10.7725 10.3706 9.66896 9.31531 9.14203 9.53036 10.6392 9.5435 8.85588 10.3652 10.2671
threshold=0.036916455896751778 -0.52607416174675581 0.094929166115379091 0.26584813873241153 378.50000000000006 -0.17897824342692939 -0.22021344356737985 0.25819922179388877 -0.029185809377279812 0.095782817472032419 1.0000000180025095e-35 -0.40056814182424411 0.072500131144831226 -0.17738409237719863
decision_type=2 2 2 2 2 2 2 2 2 2 2 2 2 2
left_child=5 -2 4 -4 6 -1 -3 8 9 10 -6 -8 13 -13
right_child=1 2 3 -5 7 -7 11 -9 -10 -11 -12 12 -14 -15
leaf_value=0.024481092826285487 -0.048641514060334602 -0.033491573083845178 -0.030511067203481131 0.11250851228774011 0.11750186539550518 -0.048483019592968517 -0.015594897480078833 0.073987584518944535 -0.019524255619539632 -0.069800381942043188 -0.018233896382623137 -0.01511668011396018 0.027274634902719093 0.0088610486012575349
leaf_weight=5.1354645937681189 12.176889330148695 15.421371698379515 30.036259770393375 1.3770022839307774 4.8368379920721072 39.18947958946228 42.48050194978714 10.153266221284865 9.5002751052379626 1.4176119714975355 1.7684295028448103 53.552162364125252 61.499202206730843 268.41885626316071
leaf_count=24 83 85 179 7 21 283 224 44 45 7 8 282 321 1398
internal_value=-0.00010396 0.00334817 0.00461315 -0.0242418 0.00654563 -0.0400294 0.0046839 0.0362356 0.0143614 0.054487 0.0811613 0.00606603 0.00846561 0.00487293
internal_weight=556.964 512.639 500.462 31.4133 469.049 44.3249 441.372 27.6764 17.5232 8.02288 6.60527 425.951 383.47 321.971
internal_count=3011 2704 2621 186 2435 307 2310 125 81 36 29 2225 2001 1680
is_linear=0
shrinkage=0.05


Tree=11
num_leaves=15
num_cat=0
split_feature=49 19 40 32 46 39 51 38 45 7 31 48 27 38
split_gain=28.7296 12.0939 11.9256 11.7481 13.8155 12.8838 12.3157 11.475 12.5965 11.4526 10.8681 10.4181 13.9168 10.2864
threshold=0.18397813741697538 0.20210093406755997 0.34057536756195961 0.055815369751525588 0.048679340857744731 0.11619339039327706 0.20082661348916059 0.11862021182283596 -0.20703853582481116 0.085956945717342345 0.19897765049093638 0.046984442014325327 0.14341768719934292 -0.0847808063447021
decision_type=2 2 2 2 2 2 2 2 2 2 2 2 2 2
left_child=1 -1 3 4 5 -2 -6 8 -5 -3 -7 12 -10 -13
right_child=2 9 -4 7 6 10 -8 -9 11 -11 -12 13 -14 -15
leaf_value=-0.033486389326945719 -0.0032163965047248043 -0.021483603210447469 0.046226149786769956 0.090590694932576654 0.014211201481122744 -0.047615669250017478 0.19885688070226187 -0.042096475916005759 -0.0020412899088553989 0.12058139057441469 0.15995998127612851 0.052374508361299213 0.022465829646577288 0.004026362418270789
leaf_weight=73.353734642267227 41.878590866923332 3.1813805848360053 16.546176433563232 4.6548811644315711 22.608836263418201 35.585674196481705 0.94063833355903526 11.396049350500105 219.67219208180904 2.5603411346673965 0.6419544517993917 24.192791238427162 78.675890251994133 20.176055625081062
leaf_count=483 221 17 81 23 120 209 5 59 1159 13 3 117 400 101
internal_value=-0.000107573 -0.0280164 0.00452052 0.00302175 -0.0119826 -0.0221038 0.0215865 0.00727318 0.00889282 0.0418658 -0.0439374 0.00778318 0.00442136 0.0303889
internal_weight=556.065 79.0955 476.97 460.424 101.656 78.1062 23.5495 358.768 347.372 5.74172 36.2276 342.717 298.348 44.3688
internal_count=3011 513 2498 2417 558 433 125 1859 1800 30 212 1777 1559 218
is_linear=0
shrinkage=0.05


Tree=12
num_leaves=15
num_cat=0
split_feature=49 12 29 19 26 41 11 34 6 14 13 32 15 6
split_gain=26.7516 11.8715 10.038 10.1229 13.2738 13.2236 12.1105 11.7971 12.215 11.3837 10.6255 10.6701 10.0293 9.93799
threshold=0.036916455896751778 -0.52607416174675581 0.083591750782006022 0.0424099095000188 0.13032576698884077 -0.056796405055615846 -0.10362562204437102 -0.10292195802679004 -0.14720329332884333 0.12292351631020422 0.29122828151443447 0.16552921361925393 -0.12091047943401582 -0.15286934903254396
decision_type=2 2 2 2 2 2 2 2 2 2 2 2 2 2
left_child=-1 -2 3 4 5 9 -6 8 -8 10 11 -3 -13 -14
right_child=1 2 -4 -5 6 -7 7 -9 -10 -11 -12 12 13 -15
leaf_value=-0.038357157368457649 -0.047115112662466985 0.012356536222056413 -0.02000108898239196 0.013419860356455874 -0.066049559406431549 -0.014531542055734571 0.12904588480347343 0.16451265645413807 -0.066559088180023693 -0.0027529835901273945 0.17924953480404002 -0.034899369633468923 0.14422414273057724 -0.002457471798333262
leaf_weight=42.24522590637207 11.53433011472225 25.174770191311836 39.503630742430687 238.61887255311012 1.4671144634485243 122.09204694628716 1.5259981304407118 3.0208959877490993 1.6733176559209821 59.517104610800743 1.2058690041303624 1.534905821084976 4.6591976881027213 1.5352480262517927
leaf_count=307 83 128 234 1213 8 654 8 16 9 306 6 8 23 8
internal_value=-0.000112174 0.00303689 0.0041903 0.00625869 -0.00139011 -0.00369083 0.0631719 0.0936503 0.0267399 0.0104457 0.0334756 0.0281333 0.0795188 0.10787
internal_weight=555.309 513.063 501.529 462.025 223.406 215.719 7.68733 6.22021 3.19932 93.6271 34.11 32.9041 7.72935 6.19445
internal_count=3011 2704 2621 2387 1174 1133 41 33 17 479 173 167 39 31
is_linear=0
shrinkage=0.05


Tree=13
num_leaves=15
num_cat=0
split_feature=49 2 34 48 44 42 14 37 10 34 26 4 22 27
split_gain=24.7873 14.8594 13.2565 12.6925 12.7989 13.6391 13.2366 11.888 10.8288 10.7769 14.3297 12.7833 12.3249 11.3597
threshold=0.23338200020064984 149.50000000000003 -1.0000000180025095e-35 0.12546592236621354 -0.052768797825846217 0.035898109129140633 0.11916794924324962 -0.097305516985713672 0.081943012395685688 -0.059221906208821458 0.13376418166481327 0.040634814007215934 0.056077423362879242 -0.068121129824823962
decision_type=2 2 2 2 2 2 2 2 2 2 2 2 2 2
left_child=1 7 -3 4 5 6 -2 -1 -5 11 13 12 -6 -11
right_child=3 2 -4 8 9 -7 -8 -9 -10 10 -12 -13 -14 -15
leaf_value=0.028770577171949308 0.052099356452846995 0.014783805759890092 -0.03846627144171727 0.083060794900298954 -0.01715155910391665 0.094045859291049499 -0.014709130304611531 -0.044853388336466335 -0.023885300470797691 0.17952647365728047 0.12630663869994532 -0.031560774031134102 0.0073954151023959804 0.010119388328492875
leaf_weight=6.0864827483892432 14.159490779042246 37.737683668732643 16.931569501757622 9.1314105242490751 72.387957990169525 7.1473169624805442 15.562844991683958 55.28822149336338 3.1951658278703681 0.99919393658637901 2.80382116138935 36.381631419062614 174.17718400061131 102.63713681697845
leaf_count=32 70 203 101 42 389 34 79 393 16 5 14 193 910 530
internal_value=-0.000116427 -0.0206658 -0.00170823 0.00532069 0.00387424 0.0320307 0.0171179 -0.0375522 0.0553393 0.00120821 0.0147703 -0.00389362 0.000188779 0.0117527
internal_weight=554.627 116.044 54.6693 438.583 426.257 36.8697 29.7223 61.3747 12.3266 389.387 106.44 282.947 246.565 103.636
internal_count=3011 729 304 2282 2224 183 149 425 58 2041 549 1492 1299 535
is_linear=0
shrinkage=0.05


Tree=14
num_leaves=15
num_cat=0
split_feature=49 12 11 29 22 48 32 10 0 5 5 40 21 39
split_gain=23.1838 10.5151 9.19724 9.08863 9.33306 8.33913 12.044 8.89102 13.0075 10.1244 11.0108 15.8012 11.1832 12.7504
threshold=0.036916455896751778 -0.52607416174675581 -0.17897824342692939 0.094929166115379091 0.26584813873241153 0.12546592236621354 0.18403348528315547 0.045739010444029206 0.41651782701537671 0.08821634349275799 0.11396102695239239 0.050379393886597297 -0.04914742624894694 0.078296046509139502
decision_type=2 2 2 2 2 2 2 2 2 2 2 2 2 2
left_child=2 -2 -1 5 -5 7 -7 8 -3 -9 11 -11 -12 -14
right_child=1 3 -4 4 -6 6 -8 9 -10 10 12 -13 13 -15
leaf_value=0.026279420800918815 -0.045722046908096031 -0.0032429289877348808 -0.045740523995984619 -0.028804767412794148 0.10130266142922145 0.022415629126294384 0.14112100916342907 0.007296951515214551 0.041323305151030457 0.10637016127447237 0.095519741458714766 -0.0050636770305838262 0.065855300508425613 -0.035535104991463833
leaf_weight=5.0721605867147437 10.952920645475386 286.87775668501854 35.175211004912853 29.084920674562458 1.4469219148159016 14.626025289297106 2.5024273842573157 117.74797333776951 17.363746345043182 10.000942781567572 3.3366216421127328 4.6652193367481223 4.3920687437057504 10.546729922294615
leaf_count=24 83 1494 283 179 7 71 11 609 82 51 17 24 22 54
internal_value=-0.00012077 0.00274321 -0.0366642 0.0037994 -0.0226389 0.00550938 0.0397582 0.00421989 -0.000699434 0.014152 0.0386549 0.0709237 0.0127589 -0.00572591
internal_weight=553.792 513.544 40.2474 502.591 30.5318 472.06 17.1285 454.931 304.242 150.69 32.9416 14.6662 18.2754 14.9388
internal_count=3011 2704 307 2621 186 2435 82 2353 1576 777 168 75 93 76
is_linear=0
shrinkage=0.05


Tree=15
num_leaves=15
num_cat=0
split_feature=49 41 19 48 4 51 39 51 15 4 8 49 49 39
split_gain=21.505 9.89783 10.9524 10.8718 9.52208 12.8178 9.36072 8.88832 11.4758 12.1813 16.4124 9.95913 11.568 8.76444
threshold=0.056364557716528013 -0.053102566039806502 0.043826579317986905 0.18446418352396651 0.046887462831533534 -0.062639054643811379 -0.036649153699493016 -1.0000000180025095e-35 0.050874003685465255 0.050268031427576208 -0.10179757592129744 0.32307304896185357 0.50352893264344833 0.11748917113983398
decision_type=2 2 2 2 2 2 2 2 2 2 2 2 2 2
left_child=-1 3 7 4 5 13 -7 -3 -9 10 11 -10 -13 -2
right_child=1 2 -4 -5 -6 6 -8 8 9 -11 -12 12 -14 -15
leaf_value=-0.03487881088597744 0.070756322733950827 -0.039980986174680308 0.0061035078422511787 0.098906470295427151 -0.017983690513387187 -0.039023879410526506 0.010662939611101702 -0.015281525290039467 -0.065727663137493106 0.12538782448446278 -0.028427809534512762 0.17004193977180049 -0.020311146840027838 -0.0013941733111717371
leaf_weight=41.192986495792866 14.47921657562256 27.132470712065697 127.85718244314194 3.3663486391305915 30.002325631678104 9.9729687422513944 191.41542652994394 84.642366722226143 0.90021559596061784 2.7856092751026145 9.2071470618247986 2.9319206774234772 1.0966867953538892 5.9340810030698767
leaf_count=319 68 156 664 15 158 51 987 472 5 14 50 15 6 31
internal_value=-0.000123876 0.00267384 -0.00426118 0.00964646 0.00845315 0.0120292 0.0082024 -0.0145583 -0.0077667 0.0298227 0.0109909 0.0846258 0.118223 0.0497824
internal_weight=552.917 511.724 256.554 255.17 251.804 221.802 201.388 128.696 101.564 16.9216 14.136 4.92882 4.02861 20.4133
internal_count=3011 2692 1382 1310 1295 1137 1038 718 562 90 76 26 21 99
is_linear=0
shrinkage=0.05


Tree=16
num_leaves=15
num_cat=0
split_feature=49 2 44 48 14 25 42 49 26 29 34 7 38 17
split_gain=20.3946 12.5396 10.2549 11.098 10.5544 13.2978 10.8116 11.7426 9.93352 9.83445 9.7351 16.4647 12.2825 11.6949
threshold=0.23429305412953608 466.50000000000006 -0.052768797825846217 0.12546592236621354 0.11916794924324962 -0.10376499790163775 -0.052851796899711125 0.35383686650082985 0.02210804483420584 0.079877384507154162 -0.059221906208821458 -0.048853614285148547 0.11284439917001877 0.21814579974571832
decision_type=2 2 2 2 2 2 2 2 2 2 2 2 2 2
left_child=1 8 4 9 5 -2 -6 -8 -1 10 -4 13 -13 -12
right_child=2 -3 3 -5 6 -7 7 -9 -10 -11 11 12 -14 -15
leaf_value=-0.030383785593782315 -0.052186884090281327 0.050139211976381354 -0.0017650946039797139 0.05252314199838453 -0.039024291311709369 0.071741750788487199 -0.012363349962439421 0.090851664069689517 0.0075545376743115789 -0.026714376486297625 0.021781883027879048 0.0514664534748277 -0.068018711083590908 -0.021463042216940047
leaf_weight=86.935696668922901 2.4867387115955379 6.2212347835302344 260.05954768508673 10.74918247759342 8.4718206971883792 16.708966270089149 5.8772783428430539 5.1880634725093842 21.526124410331249 29.53191127628088 32.940963938832283 33.439802601933479 2.2986405789852133 29.756346717476845
leaf_count=591 12 28 1356 49 44 79 29 25 122 178 167 166 12 153
internal_value=-0.000126227 -0.0188946 0.00479347 0.00240776 0.0293557 0.0556872 0.00348436 0.0360297 -0.0228543 0.00101945 0.00330409 0.0166965 0.0437814 0.0012577
internal_weight=552.192 114.683 437.509 398.776 38.7329 19.1957 19.5372 11.0653 108.462 388.027 358.495 98.4358 35.7384 62.6973
internal_count=3011 741 2270 2081 189 91 98 54 713 2032 1854 498 178 320
is_linear=0
shrinkage=0.05


Tree=17
num_leaves=15
num_cat=0
split_feature=49 2 37 14 2 4 19 8 48 32 40 49 48 12
split_gain=18.6632 13.9079 10.4219 9.51011 13.9836 10.3698 9.03887 13.1639 9.31908 9.98676 9.32089 8.916 11.6707 10.6888
threshold=0.24305123581453927 149.50000000000003 -0.097305516985713672 0.12292351631020422 62.500000000000007 0.14904360826181859 0.18390631203556901 0.03691501639971153 0.17255936964622234 1.0000000180025095e-35 0.49440733069015086 0.50126813035721418 -0.059131510693002369 -0.41981617209710892
decision_type=2 2 2 2 2 2 2 2 2 2 2 2 2 2
left_child=1 2 -1 4 -2 -6 8 -8 9 -5 11 13 -13 -11
right_child=3 -3 -4 6 5 -7 7 -9 -10 10 -12 12 -14 -15
leaf_value=0.027103700499131318 0.058006252574937148 -0.00094213089449939134 -0.041293421949943211 -0.036109127520403086 0.0079689294350170792 0.13013345175250074 0.010600571278841096 0.12160862493971487 0.091779272073289869 0.038263601343986299 0.13766670308877688 -0.027221520570134047 0.066702985075075646 -0.0075214654629351414
leaf_weight=6.2041604220867148 16.486475750803947 64.495131738483906 54.43787843734026 22.37604209035635 144.71719080209732 1.758186638355254 11.203448563814161 3.5065294802188864 2.5520222336053839 13.645003780722616 1.2040520757436741 4.9512997865676871 9.9610818773508054 193.78880788385868
leaf_count=33 77 356 413 128 746 9 57 16 11 71 6 26 51 1011
internal_value=-0.000128432 -0.0171055 -0.0342959 0.00485681 0.0143491 0.00943531 -0.00102067 0.0370624 -0.0032752 -0.0042616 -0.00107385 -0.00182516 0.0355176 -0.00450972
internal_weight=551.287 125.137 60.642 426.15 162.962 146.475 263.188 14.71 248.478 245.926 223.55 222.346 14.9124 207.434
internal_count=3011 802 446 2209 832 755 1377 73 1304 1293 1165 1159 77 1082
is_linear=0
shrinkage=0.05


Tree=18
num_leaves=15
num_cat=0
split_feature=49 12 11 46 45 13 19 4 48 24 38 28 24 37
split_gain=17.5358 8.90318 8.68046 8.51451 9.5926 13.5468 11.5537 12.0618 11.2796 11.3494 10.5563 9.59624 10.5577 8.82682
threshold=0.036916455896751778 -0.52607416174675581 -0.17897824342692939 -0.11323861018370798 -0.074227014713024564 0.31820919443371548 0.076028651665306007 -0.048336923404054731 0.18446418352396651 -0.052704780172147178 -0.087622075075277306 -0.090030139230921083 -0.048224380022217773 -0.166114618149409
decision_type=2 2 2 2 2 2 2 2 2 2 2 2 2 2
left_child=2 -2 -1 -3 5 6 10 -8 9 -6 -5 -11 -13 -9
right_child=1 3 -4 4 8 -7 7 13 -10 11 -12 12 -14 -15
leaf_value=0.027517165262358784 -0.043961702534458219 -0.029229542565207978 -0.043199571583531236 0.020721059986588443 -0.033054841346987052 0.1105118116288016 0.061328404743544909 0.17233787827553448 0.077815197742444928 0.025366545566649579 -0.022817130738054758 0.080018025297035361 -0.0019391147433731435 0.0057208837444268999
leaf_weight=5.0281383395194998 10.213154375553129 19.466497078537941 31.684522084891796 27.621339797973633 24.601098209619522 3.790346533060073 20.460855066776276 0.8192081749439265 4.6871315389871588 39.267047986388206 28.071705535054207 3.9809294492006293 303.97384014725685 26.77495364844799
leaf_count=24 83 104 283 142 132 18 96 4 21 204 151 20 1594 135
internal_value=-0.000130382 0.00225534 -0.0335143 0.00319279 0.00449669 0.0176671 0.0142751 0.0322378 0.00073496 -0.000236699 -0.00122407 0.00208851 -0.000879655 0.0106674
internal_weight=550.441 513.728 36.7127 503.515 484.048 107.538 103.748 48.055 376.51 371.823 55.693 347.222 307.955 27.5942
internal_count=3011 2704 307 2621 2517 546 528 235 1971 1950 293 1818 1614 139
is_linear=0
shrinkage=0.05


Tree=19
num_leaves=15
num_cat=0
split_feature=49 35 46 19 11 23 51 17 32 46 39 40 13 38
split_gain=16.3327 9.95151 13.1024 9.39103 9.5633 9.29169 11.9729 9.56822 9.08298 13.0916 12.377 9.95948 9.2622 10.6756
threshold=0.18397813741697538 -0.032496992605500923 -0.16389375272693368 0.38470954729923251 -0.29332507119165091 -0.046077879320565646 0.049875582541282014 0.44624777511826069 0.057413599840863611 0.048679340857744731 0.1142417157859513 0.27854015479820388 0.052558983527758112 0.047351461649018975
decision_type=2 2 2 2 2 2 2 2 2 2 2 2 2 2
left_child=1 2 -1 4 -3 6 -4 -7 9 10 11 -2 13 -11
right_child=8 3 5 -5 -6 7 -8 -9 -10 12 -12 -13 -14 -15
leaf_value=0.20445985670343339 -0.0092050300142175242 0.029872948843756082 -0.0090784452877913143 0.22076318089184849 -0.048494421788792111 -0.04012830315609231 0.12375892846973134 0.044152481288400741 0.0069134210670402825 0.13966493026230578 -0.040986547550192126 0.073858020639622421 0.0091199680748310485 -0.069272085711553327
leaf_weight=0.76443333178758877 41.582944393157959 4.3478917330503455 4.2466409802436891 0.34737366437911887 37.203750729560852 16.131413877010345 2.824527308344841 4.2560282647609702 369.71177570521832 2.8522842526435883 36.805678151547909 3.9517360627651206 23.706261411309242 0.77816066145896901
leaf_count=7 219 20 26 2 309 113 15 21 1892 14 227 18 124 4
internal_value=-0.000131974 -0.0226706 0.00027961 -0.0381298 -0.0402942 -0.00540466 0.0439825 -0.0225341 0.00316484 -0.00947129 -0.0194248 -0.00199639 0.0205094 0.0948807
internal_weight=549.511 70.1221 28.223 41.899 41.5516 27.4586 7.07117 20.3874 479.389 109.677 82.3404 45.5347 27.3367 3.63044
internal_count=3011 513 182 331 329 175 41 134 2498 606 464 237 142 18
is_linear=0
shrinkage=0.05


Tree=20
num_leaves=15
num_cat=0
split_feature=49 29 41 45 13 30 27 7 22 13 35 13 14 37
split_gain=15.1717 8.21406 8.1013 9.95601 11.2239 14.0182 9.84455 9.52656 14.917 10.1339 9.48997 8.6554 10.3013 10.5436
threshold=0.036916455896751778 0.094929166115379091 -0.052270983678104711 -0.087889180696744271 0.31820919443371548 -0.36081847524378202 0.34063758055352927 -0.077768120786221487 0.054554653770549827 0.32357566847282521 0.032223292478160616 0.1915828366770336 0.045268514579651205 0.097779428917618594
decision_type=2 2 2 2 2 2 2 2 2 2 2 2 2 2
left_child=-1 2 7 4 5 -4 -5 8 -2 -10 11 12 -7 -14
right_child=1 -3 3 6 -6 10 -8 -9 9 -11 -12 -13 13 -15
leaf_value=-0.032027038251964762 -0.026963465619454521 -0.022887413834178451 -0.045452246085178956 -0.0093697080173633287 0.12746349700148007 0.12564218934362467 0.11562415087441372 0.020384263403760153 0.0091984216614808961 0.16532188426332636 -0.066902820064169186 -0.015691289259664593 0.012847065155614418 0.087481287653930678
leaf_weight=34.918584421277046 35.518067061901093 31.068296283483505 8.6316114664077741 184.04479789733887 2.2039731889963141 3.4776620268821743 1.5888821035623539 115.98643223941326 96.543863698840141 1.0507096052169789 2.5964487046003333 7.4068143069744101 17.117472887039188 6.540100783109664
leaf_count=307 187 199 45 996 10 16 8 575 490 5 14 38 89 32
internal_value=-0.000135095 0.00203243 0.00363634 -0.00305246 0.0172521 0.0119451 -0.00829986 0.00990917 0.000781791 0.0108793 0.0252852 0.0322148 0.0452912 0.0334796
internal_weight=548.694 513.775 482.707 233.608 47.9741 45.7701 185.634 249.099 133.113 97.5946 37.1385 34.5421 27.1352 23.6576
internal_count=3011 2704 2505 1248 244 234 1004 1257 682 495 189 175 137 121
is_linear=0
shrinkage=0.05


Tree=21
num_leaves=15
num_cat=0
split_feature=49 2 24 15 46 44 27 42 15 15 32 8 38 42
split_gain=14.2429 11.6912 9.17462 9.47388 14.6519 8.39957 10.3182 10.1622 9.81746 11.0145 9.56297 10.2705 12.2614 9.3664
threshold=0.24305123581453927 149.50000000000003 0.10201237523277816 -0.14032563783065929 -0.13219654242328352 -0.052768797825846217 0.29832677703148441 0.035898109129140633 -0.15830639347753864 -0.057061402546023945 0.090862206373195462 -0.1624070500079022 -0.12392899305057893 -0.075271502629669682
decision_type=2 2 2 2 2 2 2 2 2 2 2 2 2 2
left_child=1 2 3 4 -1 7 -7 8 13 -10 -11 -12 -13 -2
right_child=5 -3 -4 -5 -6 6 -8 -9 9 10 11 12 -14 -15
leaf_value=0.19642430861088894 -0.032743140061678576 -0.00068519670540771 0.025269599070472909 -0.047107308859842295 -0.014520221185239457 0.0010799094509283994 0.076606074306485042 0.078446947215682516 -0.060633016434061784 -0.028244575344630169 0.13295420131030256 0.10502954160193279 -0.015914991143106422 0.12021056632697238
leaf_weight=0.9804508015513419 1.3861680030822752 63.908657290041447 6.2391131073236457 44.089717514812946 5.1320113539695731 385.39778649061918 4.5758759677410117 7.5796057581901541 5.6380907297134426 6.938135743141177 2.6210268884897294 3.0353845357894942 6.7685093879699574 3.6012312620878246
leaf_count=8 7 356 31 371 36 2007 21 34 29 35 12 14 33 17
internal_value=-0.000135829 -0.0153304 -0.0319132 -0.0390198 0.0193157 0.00414133 0.00196612 0.026721 0.0136472 0.000869627 0.0187778 0.0450354 0.0215307 0.0776995
internal_weight=547.892 120.35 56.4413 50.2022 6.11246 427.542 389.974 37.5682 29.9885 25.0011 19.3631 12.4249 9.80389 4.9874
internal_count=3011 802 446 415 44 2209 2028 181 147 123 94 59 47 24
is_linear=0
shrinkage=0.05


Tree=22
num_leaves=15
num_cat=0
split_feature=49 11 12 11 46 10 48 45 13 24 19 4 38 23
split_gain=13.2373 7.58087 7.39732 8.11158 7.36918 8.72822 7.94119 8.68594 10.99 10.3049 9.81768 9.2897 9.08635 9.12201
threshold=0.036916455896751778 -0.17897824342692939 -0.53763244464363258 0.14762164760112093 -0.11323861018370798 0.1747410499837222 0.18446418352396651 -0.074227014713024564 0.28318456876374987 -0.052704780172147178 0.076028651665306007 -0.048336923404054731 -0.087622075075277306 0.048001631640879845
decision_type=2 2 2 2 2 2 2 2 2 2 2 2 2 2
left_child=1 -1 3 -2 5 -4 7 8 10 -9 12 -12 13 -6
right_child=2 -3 4 -5 6 -7 -8 9 -10 -11 11 -13 -14 -15
leaf_value=0.025683798617223919 -0.057741650246735166 -0.040658223133877888 -0.0345540335118509 0.16052087850845384 0.037497865148761522 0.14357898417857959 0.061634776911995252 -0.032041560569307882 0.076572195814727295 0.0016786627532101228 0.053976838905840901 0.008909394057398724 -0.023948895696026536 -0.023789168047414731
leaf_weight=5.0755668431520453 7.6404767334461194 28.40299478918314 18.357014320790771 0.45079946517944325 18.253972947597507 0.71442769467830558 5.8643817603588095 24.230790138244629 6.9190324097871772 348.85896473377943 19.996723726391792 26.704599291086197 26.550631016492844 9.0973384976387006
leaf_count=24 68 283 100 3 91 4 27 133 33 1828 91 134 144 48
internal_value=-0.000137134 -0.0306003 0.00184843 -0.0455813 0.00260754 -0.0278811 0.00380279 0.00309713 0.0156181 -0.00051134 0.011426 0.0282065 -0.0031129 0.0171131
internal_weight=547.118 33.4786 513.639 8.09128 505.548 19.0714 486.476 480.612 107.522 373.09 100.603 46.7013 53.9019 27.3513
internal_count=3011 307 2704 71 2633 104 2529 2502 541 1961 508 225 283 139
is_linear=0
shrinkage=0.05


Tree=23
num_leaves=15
num_cat=0
split_feature=32 2 24 2 8 22 0 3 28 26 42 36 46 24
split_gain=12.6084 16.5312 17.1456 10.348 10.8341 10.1536 10.146 10.2902 9.50446 9.42205 8.9698 8.46674 9.97189 8.55621
threshold=0.052659337573099672 154.50000000000003 0.044022607318638718 84.500000000000014 -0.11448840296012548 0.034333067418205569 0.40838887727224088 1619.0000000000002 -0.11104761472451881 0.025675226687943743 0.083313295790435976 -0.15984201211741164 -1.0000000180025095e-35 0.03344514433667465
decision_type=2 2 2 2 2 2 2 2 2 2 2 2 2 2
left_child=1 2 -1 4 -4 6 -2 -8 -3 11 -7 12 -10 -14
right_child=5 8 3 -5 -6 10 7 -9 9 -11 -12 -13 13 -15
leaf_value=-0.046028423386872505 0.20276232471064085 0.083982304574043473 0.15719812242634068 -0.01940777141358474 0.017162230635634046 0.010358002279291683 -0.016705606059641716 0.036958905018722614 -0.068196864094014237 0.042045290996752645 -0.029401674076327985 -0.027102995982660912 0.14929204536757595 -0.021138076429045229
leaf_weight=47.828744724392891 0.55730049312114616 4.2346034422516814 1.5529996007680882 29.818562716245651 12.484447136521338 301.94487461447716 86.91825158894062 9.9559988230466825 1.3288955539464948 11.530517779290674 14.884523853659628 19.765450790524486 2.256597131490707 1.0931767225265501
leaf_count=387 3 23 8 166 63 1547 495 43 7 57 81 114 11 6
internal_value=-0.000137429 -0.0136012 -0.0253238 -0.00274358 0.0326548 0.00414921 -0.00996658 -0.0111904 0.0131286 0.00478834 0.00849011 -0.0127861 0.0476969 0.0936733
internal_weight=546.155 131.894 91.6848 43.856 14.0374 414.261 97.4316 96.8743 40.2092 35.9746 316.829 24.4441 4.67867 3.34977
internal_count=3011 842 624 237 71 2169 541 538 218 195 1628 138 24 17
is_linear=0
shrinkage=0.05


Tree=24
num_leaves=15
num_cat=0
split_feature=31 29 22 32 12 32 44 47 24 9 42 48 41 42
split_gain=11.8248 10.7142 8.29879 7.73755 10.0556 10.5086 12.3738 11.3835 9.54737 8.87503 8.27013 8.04105 8.04882 8.07485
threshold=-0.24795513386336085 0.094929166115379091 0.26584813873241153 0.089087212155769466 -0.41981617209710892 0.12258991931646483 0.097662781389948772 -0.10629911878466246 -0.024235252447969331 -0.05391655746071021 -0.055901904157090086 0.034771139380060677 0.10283907824320537 -0.060206788946690758
decision_type=2 2 2 2 2 2 2 2 2 2 2 2 2 2
left_child=-1 3 -3 -2 5 6 9 -7 -9 10 -5 -6 13 -13
right_child=1 2 -4 4 11 7 -8 8 -10 -11 -12 12 -14 -15
leaf_value=-0.037725409277582701 -0.0052936242505476974 -0.028637884724796281 0.091003234146305359 0.13511956385217955 0.0019367394207335836 0.12427634114106496 -0.068325378458747019 0.1789132705337545 -0.026867362639448424 0.14801933393394448 -0.036934957009911763 -0.0058398786395754401 0.15947528394477772 0.036314433349278606
leaf_weight=20.152460910379887 169.74853537976742 37.280636183917522 1.5080500096082676 1.2196224927902224 246.87172120809555 1.806843802332877 1.1689650416374204 0.60387597978114982 8.4630629420280439 4.7798439413309115 1.6343436315655706 17.880112856626511 1.0714194923639286 31.154961369931698
leaf_count=160 955 282 7 6 1265 9 6 3 44 23 9 88 5 149
internal_value=-0.000139396 0.00130284 -0.0239864 0.00331955 0.0079368 0.0425521 0.0831635 0.00967549 -0.013162 0.106361 0.0365913 0.00564334 0.0239055 0.0209433
internal_weight=545.344 525.192 38.7887 486.403 316.655 19.6766 8.80278 10.8738 9.06694 7.63381 2.85397 296.978 50.1065 49.0351
internal_count=3011 2851 289 2562 1607 100 44 56 47 38 15 1507 242 237
is_linear=0
shrinkage=0.05


Tree=25
num_leaves=15
num_cat=0
split_feature=49 2 15 15 24 14 44 42 25 7 46 33 16 10
split_gain=11.1661 9.43659 8.09029 14.7883 8.68889 7.67045 10.4249 10.7803 9.51011 8.50106 10.4592 9.61071 10.6666 12.4751
threshold=0.24305123581453927 149.50000000000003 -0.14032563783065929 -0.16543560100318258 0.10201237523277816 0.12292351631020422 -0.052768797825846217 0.053002367549269826 -0.11319806599897746 0.022760340885448285 0.049029140027410399 0.30234303136793678 -0.057928689257594972 1.0000000180025095e-35
decision_type=2 2 2 2 2 2 2 2 2 2 2 2 2 2
left_child=1 2 3 -1 -4 6 8 9 -2 10 -8 12 13 -12
right_child=5 -3 4 -5 -6 -7 7 -9 -10 -11 11 -13 -14 -15
leaf_value=-0.013350853401653618 -0.07039115477291448 -0.0009352643059282634 -0.045196325604918944 0.18143577496951227 0.01934181396110252 -0.0016998625808642563 -0.0036293482989707411 -0.031467477104334375 0.056837325874568356 0.039761625899589023 -0.0015009078802006269 0.078947175817556142 -0.024028704729321414 0.098519729507572665
leaf_weight=5.1993580386042595 1.600164040923121 63.745575115084648 40.245594568550587 1.1991340965032566 5.9916261434555045 263.48679347336292 76.167668178677559 15.855233669281004 17.888754740357399 23.02362272143364 6.6680991053581273 7.7955430299043647 9.9814509749412537 5.8546775430440903
leaf_count=39 8 356 371 7 29 1377 393 82 81 114 34 40 51 29
internal_value=-0.000139216 -0.0138728 -0.029541 0.0231539 -0.0368332 0.00359239 0.012052 0.0074476 0.0463911 0.0122125 0.00625495 0.0311021 0.0145285 0.045261
internal_weight=544.703 116.381 52.6357 6.39849 46.2372 428.322 164.835 145.346 19.4889 129.491 106.467 30.2998 22.5042 12.5228
internal_count=3011 802 446 46 400 2209 832 743 89 661 547 154 114 63
is_linear=0
shrinkage=0.05


Tree=26
num_leaves=15
num_cat=0
split_feature=31 29 41 23 49 4 24 43 2 27 26 48 9 30
split_gain=10.4665 9.55214 7.64718 9.66434 10.6317 10.5456 10.9124 10.9219 10.4935 8.87146 13.1071 8.1876 14.1233 11.2522
threshold=-0.24795513386336085 0.094929166115379091 -0.052270983678104711 -0.048069274411162127 0.25819922179388877 -0.14757847983574854 0.10027394976176283 -0.092030465975584022 358.50000000000006 0.21743770129125525 -0.051873792387225455 -0.10009041837955614 -0.048729785798133758 -0.18363830400064629
decision_type=2 2 2 2 2 2 2 2 2 2 2 2 2 2
left_child=-1 2 -2 5 -5 -4 7 -7 9 -6 -11 12 -9 -13
right_child=1 -3 3 4 8 6 -8 11 -10 10 -12 13 -14 -15
leaf_value=-0.036260732465477598 0.0090345753292079469 -0.022983431848559124 -0.066938992154891075 -0.030811406260224872 -0.0090171696178059594 0.13230487105464148 -0.040592104089081218 0.15224509566831723 0.059679314390648754 -0.05536419994214925 0.062487516862301654 -0.0027968263296617463 -0.0072772914580577532 0.074983787071238678
leaf_weight=19.342214606702328 255.58013375848532 37.907211504876614 3.3799543082714072 41.328589610755444 127.1037394925952 2.6866651326417914 5.4587319120764723 3.1485522091388702 6.565734162926673 3.0985770821571341 9.8880253881216031 19.85275981575251 2.4806974381208411 6.0719534605741527
leaf_count=160 1301 289 19 272 674 13 29 16 28 16 47 104 13 30
internal_value=-0.000140074 0.00119183 0.00307497 -0.00351696 -0.00841208 0.0178438 0.0250621 0.0355289 -0.00209981 -0.00499526 0.0343683 0.0272889 0.0819468 0.0154206
internal_weight=543.894 524.551 486.644 231.064 187.985 43.0793 39.6994 34.2406 146.656 140.09 12.9866 31.554 5.62925 25.9247
internal_count=3011 2851 2562 1261 1037 224 205 176 765 737 63 163 29 134
is_linear=0
shrinkage=0.05


Tree=27
num_leaves=15
num_cat=0
split_feature=32 2 24 9 24 45 26 41 28 5 15 33 31 49
split_gain=9.97982 14.4412 15.5487 9.16755 8.89608 12.1837 13.9114 11.8671 9.34929 8.57158 8.45365 10.1732 7.76744 7.72959
threshold=0.052659337573099672 154.50000000000003 0.039043474495135858 0.060085351462238847 0.040888800551843234 -0.024663759523363579 -0.032274979413308619 -0.03763552478998277 -0.079493160939528892 -0.16114850713002657 0.08821634349275799 0.24147658973058811 0.15233287085715572 0.35236517159501241
decision_type=2 2 2 2 2 2 2 2 2 2 2 2 2 2
left_child=1 2 12 -2 5 7 -7 8 -3 -6 13 -12 -1 -4
right_child=3 4 10 -5 9 6 -8 -9 -10 -11 11 -13 -14 -15
leaf_value=-0.049461471278499029 0.005490682676558745 0.14428078025866259 -0.042786573990835686 -0.026045642884460651 0.10251862601935219 -0.014451430081361625 0.12055612132301351 -0.033903606625913359 0.016721219855594129 -0.028717933827098155 0.0038370111787610073 0.10522370620367963 0.099752603068788748 0.0046951542847522287
leaf_weight=40.026884183287621 390.30487985908985 2.014286145567894 15.723032630980013 24.490695171058178 1.3643556535243977 2.7822279408574104 6.0729046016931552 8.7730022296309453 5.0074307471513739 14.128109060227869 9.2828074395656568 3.3733198493719092 0.89159168303012748 18.843632966279984
leaf_count=360 2017 9 93 152 6 16 28 50 27 82 46 17 6 102
internal_value=-0.000140676 -0.0123286 -0.02365 0.00362869 0.0125298 0.0311903 0.0781376 0.00486977 0.0533136 -0.0171605 -0.00410161 0.0308603 -0.0462102 -0.0169024
internal_weight=543.079 128.284 88.1413 414.796 40.1423 24.6499 8.85513 15.7947 7.02172 15.4925 47.2228 12.6561 40.9185 34.5667
internal_count=3011 842 624 2169 218 130 44 86 36 88 258 63 366 195
is_linear=0
shrinkage=0.05


Tree=28
num_leaves=15
num_cat=0
split_feature=22 20 32 12 31 37 49 17 51 11 37 20 30 13
split_gain=9.34769 10.0004 8.68299 9.31499 11.4403 11.2947 9.06556 17.9557 10.9371 8.62256 10.5846 8.46286 8.78553 10.5384
threshold=0.02161692931093339 -1.0000000180025095e-35 0.057413599840863611 -0.36179305940511192 -0.045083551575878449 -1.0000000180025095e-35 0.37915381163184975 0.35370262731458896 0.11322813960679644 -1.0000000180025095e-35 -0.045366810914291809 -0.050252010932756157 -0.35324476547058253 0.23071735767574955
decision_type=2 2 2 2 2 2 2 2 2 2 2 2 2 2
left_child=1 11 3 5 6 -2 -5 8 -8 10 -6 -1 13 -13
right_child=2 -3 -4 4 9 -7 7 -9 -10 -11 -12 12 -14 -15
leaf_value=-0.0074728002346262758 0.056448363822757308 -0.018793579384802112 0.0075660529965867699 -0.041472430297640805 -0.043861789140370928 -0.053403631500219817 -0.023809380955701877 0.16085034348081628 0.16263990691711103 -0.0015154376176609418 0.072929563318183149 -0.037843398729995287 0.078279443318137465 0.15342851536435109
leaf_weight=20.255282044410706 2.6837670132517841 106.14262256026268 316.05949518829584 20.960833072662354 2.3673753738403311 18.262786142528057 11.340295642614361 1.7394487410783757 0.84515841305255968 17.914601467549801 10.745296671986582 4.3182172998785973 7.6910318955779058 0.8642645627260207
leaf_count=108 14 708 1613 125 14 139 60 9 4 98 55 23 37 4
internal_value=-0.000141647 -0.0113083 0.00371818 -0.0102832 -0.00105276 -0.0393289 -0.0206977 0.010574 -0.0108776 0.0210352 0.0518439 0.012674 0.044373 -0.00594564
internal_weight=542.19 139.271 402.919 86.8596 65.913 20.9466 34.8857 13.9249 12.1855 31.0273 13.1127 33.1288 12.8735 5.18248
internal_count=3011 880 2131 518 365 153 198 73 64 167 69 172 64 27
is_linear=0
shrinkage=0.05


Tree=29
num_leaves=15
num_cat=0
split_feature=31 29 22 24 41 19 26 28 51 44 8 43 13 22
split_gain=9.07017 8.3067 7.45622 6.95039 6.58322 8.46224 9.07143 9.06397 7.523 7.71457 11.8245 8.52123 7.75922 7.58833
threshold=-0.24795513386336085 0.094929166115379091 0.26584813873241153 0.063471866448083586 -0.052851796899711125 0.043113564077973239 0.13376418166481327 -1.0000000180025095e-35 -1.0000000180025095e-35 -0.039777901554379928 -0.13188851086430467 0.14846444701255815 0.14844836173594309 0.024261316820982221
decision_type=2 2 2 2 2 2 2 2 2 2 2 2 2 2
left_child=3 4 -3 -1 -2 6 8 -8 -6 10 -10 13 -12 -11
right_child=1 2 -4 -5 5 -7 7 -9 9 11 12 -13 -14 -15
leaf_value=-0.045319126076722005 0.0084043985708907119 -0.026487894584344571 0.085807935383707581 0.053789967026474567 -0.042391160866020933 0.0060675203496078235 0.15058642284865278 0.0086619392003541452 0.14767055170898 -0.05025989602747219 0.036380850764431837 0.061456885669156275 -0.065747083855164742 -0.01050916595821718
leaf_weight=16.420909598469738 252.51918584108353 35.37142838537693 1.5426626205444325 1.9825508892536152 21.7927485704422 119.4083254262805 1.5868902355432508 3.8648376762866965 1.7824548035860051 15.168401323258875 6.4105356186628324 3.4651295915246001 2.6198904290795326 57.585219152271748
leaf_count=150 1280 282 7 10 137 616 8 21 8 104 33 19 15 321
internal_value=-0.000142319 0.00107141 -0.021795 -0.0346424 0.00280749 -0.00324052 -0.0129666 0.0499734 -0.0161197 -0.00954127 0.0299815 -0.0151482 0.00675168 -0.0187968
internal_weight=541.521 523.118 36.9141 18.4035 486.204 233.684 114.276 5.45173 108.824 87.0316 10.8129 76.2188 9.03043 72.7536
internal_count=3011 2851 289 160 2562 1282 666 29 637 500 56 444 48 425
is_linear=0
shrinkage=0.05


end of trees

feature_importances:
embedding_45=36
prompt_approx_tokens=21
embedding_44=19
embedding_25=17
embedding_07=15
embedding_08=15
embedding_15=15
embedding_28=15
embedding_18=13
embedding_20=13
embedding_37=12
embedding_23=11
embedding_42=11
embedding_09=10
embedding_22=10
embedding_34=10
embedding_38=10
embedding_47=10
embedding_40=9
embedding_00=8
embedding_06=8
embedding_11=8
embedding_27=8
embedding_33=8
embedding_35=8
embedding_36=7
embedding_41=7
embedding_03=6
embedding_04=6
embedding_10=6
embedding_13=6
embedding_31=6
a2_score=5
embedding_16=5
embedding_19=5
embedding_24=5
embedding_30=5
embedding_05=4
embedding_26=4
embedding_01=3
embedding_29=3
embedding_32=3
embedding_43=3
embedding_02=2
embedding_12=2
embedding_21=2
embedding_39=2
prompt_chars=1
embedding_17=1
embedding_46=1

parameters:
[boosting: gbdt]
[objective: binary]
[metric: binary_logloss]
[tree_learner: serial]
[device_type: cpu]
[data_sample_strategy: bagging]
[data: ]
[valid: ]
[num_iterations: 30]
[learning_rate: 0.05]
[num_leaves: 15]
[num_threads: 1]
[seed: 23]
[deterministic: 0]
[force_col_wise: 1]
[force_row_wise: 0]
[histogram_pool_size: -1]
[max_depth: -1]
[min_data_in_leaf: 3]
[min_sum_hessian_in_leaf: 0.001]
[bagging_fraction: 1]
[pos_bagging_fraction: 1]
[neg_bagging_fraction: 1]
[bagging_freq: 0]
[bagging_seed: 25556]
[bagging_by_query: 0]
[feature_fraction: 1]
[feature_fraction_bynode: 1]
[feature_fraction_seed: 31605]
[extra_trees: 0]
[extra_seed: 3808]
[early_stopping_round: 0]
[early_stopping_min_delta: 0]
[first_metric_only: 0]
[max_delta_step: 0]
[lambda_l1: 0]
[lambda_l2: 0]
[linear_lambda: 0]
[min_gain_to_split: 0]
[drop_rate: 0.1]
[max_drop: 50]
[skip_drop: 0.5]
[xgboost_dart_mode: 0]
[uniform_drop: 0]
[drop_seed: 6130]
[top_rate: 0.2]
[other_rate: 0.1]
[min_data_per_group: 100]
[max_cat_threshold: 32]
[cat_l2: 10]
[cat_smooth: 10]
[max_cat_to_onehot: 4]
[top_k: 20]
[monotone_constraints: ]
[monotone_constraints_method: basic]
[monotone_penalty: 0]
[feature_contri: ]
[forcedsplits_filename: ]
[refit_decay_rate: 0.9]
[cegb_tradeoff: 1]
[cegb_penalty_split: 0]
[cegb_penalty_feature_lazy: ]
[cegb_penalty_feature_coupled: ]
[path_smooth: 0]
[interaction_constraints: ]
[verbosity: -1]
[saved_feature_importance_type: 0]
[use_quantized_grad: 0]
[num_grad_quant_bins: 4]
[quant_train_renew_leaf: 0]
[stochastic_rounding: 1]
[linear_tree: 0]
[max_bin: 255]
[max_bin_by_feature: ]
[min_data_in_bin: 3]
[bin_construct_sample_cnt: 200000]
[data_random_seed: 113]
[is_enable_sparse: 1]
[enable_bundle: 1]
[use_missing: 1]
[zero_as_missing: 0]
[feature_pre_filter: 1]
[pre_partition: 0]
[two_round: 0]
[header: 0]
[label_column: ]
[weight_column: ]
[group_column: ]
[ignore_column: ]
[categorical_feature: ]
[forcedbins_filename: ]
[precise_float_parser: 0]
[parser_config_file: ]
[objective_seed: 16714]
[num_class: 1]
[is_unbalance: 0]
[scale_pos_weight: 1]
[sigmoid: 1]
[boost_from_average: 1]
[reg_sqrt: 0]
[alpha: 0.9]
[fair_c: 1]
[poisson_max_delta_step: 0.7]
[tweedie_variance_power: 1.5]
[lambdarank_truncation_level: 30]
[lambdarank_norm: 1]
[label_gain: ]
[lambdarank_position_bias_regularization: 0]
[eval_at: ]
[multi_error_top_k: 1]
[auc_mu_weights: ]
[num_machines: 1]
[local_listen_port: 12400]
[time_out: 120]
[machine_list_filename: ]
[machines: ]
[gpu_platform_id: -1]
[gpu_device_id: -1]
[gpu_device_id_list: ]
[gpu_use_dp: 0]
[num_gpu: 1]

end of parameters

pandas_categorical:null
