tree
version=v4
num_class=1
num_tree_per_iteration=1
label_index=0
max_feature_idx=51
objective=regression
feature_names=a2_score has_code_fence prompt_approx_tokens prompt_chars embedding_00 embedding_01 embedding_02 embedding_03 embedding_04 embedding_05 embedding_06 embedding_07 embedding_08 embedding_09 embedding_10 embedding_11 embedding_12 embedding_13 embedding_14 embedding_15 embedding_16 embedding_17 embedding_18 embedding_19 embedding_20 embedding_21 embedding_22 embedding_23 embedding_24 embedding_25 embedding_26 embedding_27 embedding_28 embedding_29 embedding_30 embedding_31 embedding_32 embedding_33 embedding_34 embedding_35 embedding_36 embedding_37 embedding_38 embedding_39 embedding_40 embedding_41 embedding_42 embedding_43 embedding_44 embedding_45 embedding_46 embedding_47
feature_infos=[0.40757034240918583:0.42324935460274438] none [8:965] [34:3860] [-0.41087217443874041:0.61782155193190347] [-0.48471791416315496:0.50738849249045237] [-0.58520573598065284:0.1637091018140116] [-0.457495710997814:0.48970210687439175] [-0.41646336503628284:0.36980013081681939] [-0.46164353574848277:0.27910827799011501] [-0.49030428616306426:0.35382651028683815] [-0.41130179815941625:0.42628184178677897] [-0.7761441759351253:0.25514595333753737] [-0.25087260300212721:0.56200266417119338] [-0.38669459561826541:0.57796492950336786] [-0.48622141449773226:0.48730810225589299] [-0.55001909821692674:0.39036002917941331] [-0.23408229439226114:0.70149986857704305] [-0.3596943895981084:0.42459591394742019] [-0.3481553119113957:0.47546492756792713] [-0.3245134270208202:0.52075564392329554] [-0.39082557499682519:0.32882426898275152] [-0.41281254969226883:0.45401858887714786] [-0.49763795114508702:0.41301708893558936] [-0.53839652650374503:0.42173074971558477] [-0.30845685446746224:0.51089105201080265] [-0.40388187304691769:0.36099410255771208] [-0.2290393337255473:0.6393508022779113] [-0.40927275453502904:0.33633639699815621] [-0.42444648726183282:0.25630729731502827] [-0.73874861306336814:0.21031022607861385] [-0.4681734716045628:0.40689422938557973] [-0.30599503068105227:0.41130179815941625] [-0.2520988421229669:0.59213690821293896] [-0.43249857361756672:0.4493247650413843] [-0.64379044019311227:0.34731435582359393] [-0.48314531438551706:0.27044936151312532] [-0.3576777653141881:0.55381861969499646] [-0.5121475197315839:0.33776026473659926] [-0.53951250094920478:0.43748483228844198] [-0.63167616570923679:0.68475227121768012] [-0.48949020986880254:0.48218561322280346] [-0.46114398896535042:0.38087317795088099] [-0.44766148103584524:0.36014120303280989] [-0.39773369280899523:0.42008402520840299] [-0.48434471241406046:0.48800932206302489] [-0.75925660236529657:0.33806170189140661] [-0.51314236049113426:0.3563249516154553] [-0.43560684186903209:0.43070552164653242] [-0.42111744380615784:0.62985816774525505] [-0.35666297896665838:0.37577968896651326] [-0.51047656089015592:0.41650600860529929]
tree_sizes=1484 1493 1484 1502 1525 1470 1485 1471 1478 1541 1515 1518 1533 1446 1475 1482 1507 1543 1502 1509

Tree=0
num_leaves=15
num_cat=0
split_feature=49 11 39 26 35 0 2 14 43 12 26 2 17 4
split_gain=1.89985e+06 2.05648e+06 1.26355e+06 1.24102e+06 905486 1.69148e+06 645743 489427 2.64544e+06 529385 464570 643839 445151 277989
threshold=0.12432888539209512 0.18011301201819421 -0.12998043244309918 0.076594760949813226 -0.25152757404904313 0.41651782701537671 177.50000000000003 -0.08200549405326156 0.093968884028650654 0.10952930095845158 -0.09871328155162952 194.50000000000003 -0.10426182657261716 -0.080193393552907027
decision_type=2 2 2 2 2 2 2 2 2 2 2 2 2 2
left_child=1 2 -1 4 5 -4 -5 8 -2 12 11 -6 -9 -12
right_child=7 -3 3 6 10 -7 -8 9 -10 -11 13 -13 -14 -15
leaf_value=50.470801651629586 15.685953040347 59.704134555809475 16.264134873700911 43.596991335362119 40.416634301496316 63.754134555809458 15.870801508578433 33.887468747449688 65.737468906395407 35.654134476336608 18.460767537474243 19.676548694551347 14.616011997363064 15.228289416321397
leaf_weight=2.9999999999999991 22.000000000000004 2.9999999999999991 5 6.9999999999999982 3.9999999999999991 3 3 2.9999999999999991 2.9999999999999991 2.9999999999999991 98 58 2589 207
leaf_count=3 22 3 5 7 4 3 3 3 3 3 98 58 2589 207
internal_value=15.2149 18.466 18.1472 17.8953 17.4317 34.0729 35.2791 14.7297 21.6921 14.6626 17.069 21.0146 14.6383 16.2669
internal_weight=3011 391 388 385 375 8 10 2620 25 2595 367 62 2592 305
internal_count=3011 391 388 385 375 8 10 2620 25 2595 367 62 2592 305
is_linear=0
shrinkage=1


Tree=1
num_leaves=15
num_cat=0
split_feature=49 11 33 35 14 26 2 27 2 14 43 2 4 13
split_gain=1.71462e+06 1.85597e+06 1.16828e+06 980292 1.68344e+06 829269 643776 460882 1.02436e+06 447224 2.38751e+06 411347 380159 394568
threshold=0.12432888539209512 0.18011301201819421 -0.09214577447129943 -0.25152757404904313 0.083000784634671324 0.076594760949813226 284.50000000000006 0.37797577282721934 109.50000000000001 -0.08200549405326156 0.093968884028650654 75.500000000000014 -0.056614069803398205 0.030657789566993575
decision_type=2 2 2 2 2 2 2 2 2 2 2 2 2 2
left_child=1 2 6 4 -4 12 -1 9 -9 10 -2 -7 13 -5
right_child=7 -3 3 5 -6 11 -8 8 -10 -11 -12 -13 -14 -15
leaf_value=41.055586751302087 0.447520485791293 42.264791870117193 43.015834045410173 14.566144728660584 1.1400711059570312 29.57015075683594 8.299506060282388 34.697372945149752 -0.22365773064749581 -0.56634447234281027 47.9964599609375 5.0776901880900054 0.45608704248565257 3.1202263785176911
leaf_weight=2.9999999999999991 22.000000000000004 2.9999999999999991 3.9999999999999982 7.9999999999999991 6 3.9999999999999991 3 2.9999999999999982 7 2585 2.9999999999999991 3 229 128
leaf_count=3 22 3 4 8 6 4 3 3 7 2585 3 3 229 128
internal_value=1.38651e-08 3.08859 2.78568 2.44183 17.8904 2.02655 24.6775 -0.460931 10.2527 -0.501979 6.15339 19.0734 1.69962 3.79352
internal_weight=3011 391 388 382 10 372 6 2620 10 2610 25 7 365 136
internal_count=3011 391 388 382 10 372 6 2620 10 2610 25 7 365 136
is_linear=0
shrinkage=0.05


Tree=2
num_leaves=15
num_cat=0
split_feature=49 39 2 35 13 26 27 2 14 43 7 26 2 24
split_gain=1.54744e+06 1.68759e+06 1.2485e+06 965177 2.06815e+06 496885 415946 924487 403619 2.15473e+06 402173 357092 323567 251971
threshold=0.12432888539209512 -0.070484040750911428 149.50000000000003 -0.18016156597711888 0.030657789566993575 0.076594760949813226 0.37797577282721934 109.50000000000001 -0.08200549405326156 0.093968884028650654 0.25502854953653659 -0.09871328155162952 215.50000000000003 0.034773483386749487
decision_type=2 2 2 2 2 2 2 2 2 2 2 2 2 2
left_child=1 2 10 4 -3 11 8 -8 9 -2 -1 12 -5 -7
right_child=6 3 -4 5 -6 13 7 -9 -10 -11 -12 -13 -14 -15
leaf_value=48.750301106770848 0.42514454451474271 45.454049682617189 5.0487657444817673 21.136028289794922 3.9395322958628336 26.283552042643233 32.962505086263029 -0.21247483662196567 -0.53802725963481846 45.596636962890628 24.532482147216793 0.8338374413999935 4.2653630545017895 5.7908404668172189
leaf_weight=2.9999999999999982 22.000000000000004 3.9999999999999991 7 2.9999999999999991 11.999999999999998 2.9999999999999991 2.9999999999999982 7 2585 2.9999999999999991 4 298 54 3
leaf_count=3 22 4 7 3 12 3 3 7 2585 3 4 298 54 3
internal_value=6.441e-09 2.93416 19.9802 2.30115 14.3182 1.76854 -0.437884 9.74002 -0.47688 5.84572 34.9115 1.52738 5.15329 16.0372
internal_weight=3011 391 14 377 16 361 2620 10 2610 25 7 355 57 6
internal_count=3011 391 14 377 16 361 2620 10 2610 25 7 355 57 6
is_linear=0
shrinkage=0.05


Tree=3
num_leaves=15
num_cat=0
split_feature=49 39 11 35 13 26 27 2 7 14 43 26 2 31
split_gain=1.39657e+06 1.52305e+06 1.14409e+06 871072 1.8665e+06 448439 375392 834349 371002 364266 1.94464e+06 322276 292019 249379
threshold=0.12432888539209512 -0.070484040750911428 -1.0000000180025095e-35 -0.18016156597711888 0.030657789566993575 0.076594760949813226 0.37797577282721934 109.50000000000001 0.25502854953653659 -0.08200549405326156 0.093968884028650654 -0.09871328155162952 215.50000000000003 -0.33096902111403798
decision_type=2 2 2 2 2 2 2 2 2 2 2 2 2 2
left_child=1 2 -1 4 -3 11 9 -8 -4 10 -2 12 -5 -13
right_child=6 3 8 5 -6 -7 7 -9 -10 -11 -12 13 -14 -15
leaf_value=4.6877175451389377 0.40388721552762114 43.181347656250004 46.566207885742202 20.079226938883465 3.7425556967655815 15.235336589813233 31.314378865559906 -0.20185109547206334 23.305857849121089 -0.51112591896573623 43.316805013020833 3.1798188688978555 4.0520948171167186 -0.084064772321816986
leaf_weight=7 22.000000000000004 3.9999999999999991 2.9999999999999982 2.9999999999999991 11.999999999999998 5.9999999999999991 2.9999999999999982 7 4 2585 2.9999999999999991 80 54 218
leaf_count=7 22 4 3 3 12 6 3 7 4 2585 3 80 54 218
internal_value=-1.37283e-08 2.78745 18.9811 2.1861 13.6023 1.68012 -0.41599 9.25302 33.2746 -0.453036 5.55344 1.45101 4.89563 0.792146
internal_weight=3011 391 14 377 16 361 2620 10 7 2610 25 355 57 298
internal_count=3011 391 14 377 16 361 2620 10 7 2610 25 355 57 298
is_linear=0
shrinkage=0.05


Tree=4
num_leaves=15
num_cat=0
split_feature=49 39 2 35 13 26 7 7 12 14 43 12 26 2
split_gain=1.2604e+06 1.37456e+06 1.06172e+06 786142 1.68452e+06 404716 348436 341846 943944 328970 1.75504e+06 402734 290854 263548
threshold=0.12432888539209512 -0.070484040750911428 149.50000000000003 -0.18016156597711888 0.030657789566993575 0.076594760949813226 0.25502854953653659 0.29843938832484834 -0.19073437245208599 -0.08200549405326156 0.093968884028650654 0.10952930095845158 -0.09871328155162952 215.50000000000003
decision_type=2 2 2 2 2 2 2 2 2 2 2 2 2 2
left_child=1 2 6 4 -3 12 -1 9 -9 10 -2 -11 13 -5
right_child=7 3 -4 5 -6 -7 -8 8 -10 11 -12 -13 -14 -15
leaf_value=44.682449340820327 0.38369288878007368 41.022279357910158 4.262809286798749 19.075265502929689 3.555427939693133 14.473570013046265 22.140565109252925 -0.56877570152282719 32.3189550558726 -0.50878151810848171 41.150963338216144 17.821572335561118 0.75253834434403677 3.8494900890246586
leaf_weight=2.9999999999999982 22.000000000000004 3.9999999999999991 7 2.9999999999999991 11.999999999999998 5.9999999999999991 4 7.9999999999999991 2.9999999999999991 2581 2.9999999999999991 2.9999999999999991 298 54
leaf_count=3 22 4 7 3 12 6 4 8 3 2581 3 3 298 54
internal_value=1.53025e-08 2.64808 18.0321 2.07679 12.9221 1.59611 31.8014 -0.395191 8.40061 -0.432275 5.27577 -0.4875 1.37846 4.65085
internal_weight=3011 391 14 377 16 361 7 2620 11 2609 25 2584 355 57
internal_count=3011 391 14 377 16 361 7 2620 11 2609 25 2584 355 57
is_linear=0
shrinkage=0.05


Tree=5
num_leaves=15
num_cat=0
split_feature=0 4 33 17 14 27 36 15 12 7 49 27 17 26
split_gain=1.15259e+06 3.2137e+06 1.054e+06 893064 866523 831981 592974 345625 328157 317490 296301 369824 246077 213567
threshold=0.41608839792489649 0.060412511091216488 -0.066204537139711625 0.046833429526159098 -0.070889169393617543 0.28539144430081687 0.053161023919667837 0.3615133633692687 -1.0000000180025095e-35 0.22948967799066827 0.12432888539209512 0.34063758055352927 -0.08486285808194699 -0.082304383059775207
decision_type=2 2 2 2 2 2 2 2 2 2 2 2 2 2
left_child=10 2 -2 -3 5 -4 7 12 -5 -8 11 13 -6 -1
right_child=1 3 4 8 6 -7 9 -9 -10 -11 -12 -13 -14 -15
leaf_value=3.9091694207624954 31.323716227213545 44.321359252929696 5.7558685064315798 4.1533879439036046 2.8687050202378521 33.161968231201172 5.0675467967987062 17.578701225916543 26.029450988769526 28.070794169108066 -0.4842375957517982 19.03846263885498 -0.36698677372709615 0.14163961691014909
leaf_weight=55 2.9999999999999991 4.9999999999999982 8.9999999999999982 3 81 3.9999999999999991 2.9999999999999991 2.9999999999999991 4 3 2502 2.9999999999999991 214 119
leaf_count=55 3 5 9 3 81 4 3 3 4 3 2502 3 214 119
internal_value=7.22442e-09 2.77888 1.82626 28.1821 1.5471 14.1885 1.00652 0.693175 16.654 16.5692 -0.344378 1.63263 0.521457 1.33253
internal_weight=3011 332 320 12 317 13 304 298 7 6 2679 177 295 174
internal_count=3011 332 320 12 317 13 304 298 7 6 2679 177 295 174
is_linear=0
shrinkage=0.05


Tree=6
num_leaves=15
num_cat=0
split_feature=0 4 16 14 45 8 15 49 27 8 7 26 48 41
split_gain=1.04139e+06 3.62636e+06 1.08392e+06 974913 606603 440298 306585 285167 332171 245288 243233 190788 133156 123396
threshold=0.41651782701537671 0.060412511091216488 0.12927639189802589 -0.070889169393617543 -1.0000000180025095e-35 -1.0000000180025095e-35 0.3615133633692687 0.12432888539209512 0.34063758055352927 0.12620803295897262 0.16693883847388805 -0.082304383059775207 0.15419545160023204 -0.3117165160981698
decision_type=2 2 2 2 2 2 2 2 2 2 2 2 2 2
left_child=7 2 3 4 10 -3 9 8 11 -5 -2 -1 -13 -9
right_child=1 5 -4 6 -6 -7 -8 13 -10 -11 -12 12 -14 -15
leaf_value=3.6169144010543826 -0.97620446681976303 48.390995279947902 24.842678012847902 -0.32574286641496603 31.503870010375984 25.496364266531813 16.699765523274742 6.7079584836959842 18.08653882344564 2.9123495007853912 17.857668813069658 -0.09594973478529413 10.571036052703858 -0.47104144170435247
leaf_weight=60 4 3 4.9999999999999991 198 3.9999999999999982 6.9999999999999982 2.9999999999999991 5.9999999999999991 2.9999999999999991 83 3 118 2.9999999999999991 2511
leaf_count=60 4 3 5 198 4 7 3 6 3 83 3 118 3 2511
internal_value=7.55154e-09 2.74475 1.75741 1.36614 15.9712 32.3648 0.800448 -0.315021 1.58514 0.630704 7.09546 1.31163 0.168521 -0.453928
internal_weight=3011 310 300 295 11 10 284 2701 184 281 7 181 121 2517
internal_count=3011 310 300 295 11 10 284 2701 184 281 7 181 121 2517
is_linear=0
shrinkage=0.05


Tree=7
num_leaves=15
num_cat=0
split_feature=0 4 33 17 14 27 36 15 7 12 49 27 17 26
split_gain=940457 2.61183e+06 909593 744141 703043 679748 520621 282034 275942 273869 241471 301216 202798 174644
threshold=0.41608839792489649 0.060412511091216488 -0.066204537139711625 0.046833429526159098 -0.070889169393617543 0.28539144430081687 0.053161023919667837 0.3615133633692687 0.22948967799066827 -1.0000000180025095e-35 0.12432888539209512 0.34063758055352927 -1.0000000180025095e-35 -0.082304383059775207
decision_type=2 2 2 2 2 2 2 2 2 2 2 2 2 2
left_child=10 2 -2 -3 5 -4 7 12 -8 -5 11 13 -6 -1
right_child=1 3 4 9 6 -7 8 -9 -10 -11 -12 -13 -14 -15
leaf_value=3.5328652789376003 29.053708902994796 40.143634643554698 5.1564850913153757 3.4683479468027745 2.5341328322177841 29.928676605224609 4.7647458076477056 15.864777183532716 26.210099283854159 23.453160858154291 -0.43733446563748146 17.182212130228677 -0.37077131832097948 0.1259093524277711
leaf_weight=55 2.9999999999999991 4.9999999999999982 8.9999999999999982 3 84 3.9999999999999991 2.9999999999999991 2.9999999999999991 3 4 2502 2.9999999999999991 211 119
leaf_count=55 3 5 9 3 84 4 3 3 3 4 2502 3 211 119
internal_value=-1.90454e-08 2.51016 1.65137 25.4113 1.39204 12.7787 0.905109 0.611506 15.4874 14.8882 -0.311076 1.47366 0.456388 1.20282
internal_weight=3011 332 320 12 317 13 304 298 6 7 2679 177 295 174
internal_count=3011 332 320 12 317 13 304 298 6 7 2679 177 295 174
is_linear=0
shrinkage=0.05


Tree=8
num_leaves=15
num_cat=0
split_feature=0 4 16 14 43 8 27 33 27 15 8 26 27 17
split_gain=850759 2.96334e+06 932788 791842 501546 370830 262360 253550 803786 250787 206745 181622 268502 213290
threshold=0.41651782701537671 0.060412511091216488 0.12927639189802589 -1.0000000180025095e-35 0.095510361880105199 -1.0000000180025095e-35 0.29832677703148441 -0.066204537139711625 0.2376429122989441 0.3615133633692687 0.12620803295897262 -0.15964565399425726 0.26911572783095666 0.26910295000413953
decision_type=2 2 2 2 2 2 2 2 2 2 2 2 2 2
left_child=7 2 3 4 6 -3 -2 8 -1 10 -5 12 -9 -14
right_child=1 5 -4 9 -6 -7 -8 11 -10 -11 -12 -13 13 -15
leaf_value=0.7394639253616333 1.8672334829966228 43.96426289876301 23.003756675720215 -0.34403685650168941 31.510324605305989 22.953201402936667 19.976610310872392 1.0733746463177252 25.292257308959961 15.071538861592613 2.6310126698160747 -0.41504362798319483 21.384297943115236 2.5300262133280431
leaf_weight=20.000000000000004 5.9999999999999982 3 4.9999999999999991 197 2.9999999999999991 6.9999999999999982 3 102 3.9999999999999991 2.9999999999999991 83 2569 2.9999999999999991 3
leaf_count=20 6 3 5 197 3 7 3 102 4 3 83 2569 3 3
internal_value=2.93544e-09 2.48084 1.58832 1.22535 13.8054 29.2565 7.90369 -0.284732 4.8316 0.69192 0.537853 -0.330601 1.67803 11.9572
internal_weight=3011 310 300 295 12 10 9 2701 24 283 280 2677 108 6
internal_count=3011 310 300 295 12 10 9 2701 24 283 280 2677 108 6
is_linear=0
shrinkage=0.05


Tree=9
num_leaves=15
num_cat=0
split_feature=49 39 2 35 13 7 33 7 13 14 43 12 4 12
split_gain=781115 773626 720765 492964 1.08112e+06 263873 242364 222517 650289 218703 1.37057e+06 247436 197997 156556
threshold=0.13308662598568158 -0.070484040750911428 149.50000000000003 -0.18016156597711888 0.030657789566993575 0.25502854953653659 -0.09214577447129943 0.29843938832484834 0.10693018684538676 -0.08200549405326156 0.093968884028650654 0.10952930095845158 -0.056614069803398205 -1.0000000180025095e-35
decision_type=2 2 2 2 2 2 2 2 2 2 2 2 2 2
left_child=1 2 5 4 -3 -1 -5 9 -9 10 -2 -11 -8 -6
right_child=7 3 -4 6 13 -7 12 8 -10 11 -12 -13 -14 -15
leaf_value=36.065388488769536 -0.11184858821687244 32.707985687255864 3.463607634438409 12.166480617523193 -0.60482665167914496 16.448707962036131 2.6595764987228456 26.632137091954547 -0.66480502486228943 -0.40769569291215002 36.017124430338548 13.960233815511069 0.2252926840325071 12.584211317698163
leaf_weight=2.9999999999999991 21.000000000000004 3.9999999999999991 8.9999999999999982 4.9999999999999991 8.9999999999999982 4 129 2.9999999999999991 7.9999999999999991 2570 2.9999999999999991 2.9999999999999991 237 2.9999999999999991
leaf_count=3 21 4 9 5 9 4 129 3 8 2570 3 3 237 3
internal_value=1.16499e-08 2.04868 12.8227 1.60324 10.1963 24.8559 1.23265 -0.316571 6.77982 -0.346629 4.40427 -0.390943 1.08328 2.69243
internal_weight=3011 403 16 387 16 7 371 2608 11 2597 24 2573 366 12
internal_count=3011 403 16 387 16 7 371 2608 11 2597 24 2573 366 12
is_linear=0
shrinkage=0.05


Tree=10
num_leaves=15
num_cat=0
split_feature=49 39 2 35 15 24 33 27 2 14 43 4 19 32
split_gain=704956 698198 650490 444900 987281 243600 218733 203178 442968 197276 1.23694e+06 178693 144982 144724
threshold=0.13308662598568158 -0.070484040750911428 149.50000000000003 -0.18016156597711888 0.2023858401953455 -1.0000000180025095e-35 -0.09214577447129943 0.37797577282721934 109.50000000000001 -0.08200549405326156 0.093968884028650654 -0.056614069803398205 0.032496122875763638 0.15923047673094462
decision_type=2 2 2 2 2 2 2 2 2 2 2 2 2 2
left_child=1 2 5 4 12 -1 -5 9 -9 10 -2 13 -3 -8
right_child=7 3 -4 6 -6 -7 11 8 -10 -11 -12 -13 -14 -15
leaf_value=15.535322952270505 -0.10625616936456589 10.288004326820374 3.2904271602630617 11.558156571090223 31.199008560180665 34.383386739095052 2.0411168851130528 22.887368520100921 -0.076588044847760883 -0.37019396817489664 34.216268412272136 0.21402805556832002 -1.3704964496195318 8.3038181495666503
leaf_weight=4 21.000000000000004 3.9999999999999991 8.9999999999999982 4.9999999999999991 3.9999999999999991 2.9999999999999991 119 2.9999999999999982 7 2574 2.9999999999999991 237 7.9999999999999991 9.9999999999999982
leaf_count=4 21 4 9 5 4 3 119 3 7 2574 3 237 8 10
internal_value=1.33223e-08 1.94624 12.1816 1.52308 9.6865 23.6131 1.17101 -0.300742 6.8126 -0.328122 4.18406 1.02911 2.51567 2.5266
internal_weight=3011 403 16 387 16 7 371 2608 10 2598 24 366 12 129
internal_count=3011 403 16 387 16 7 371 2608 10 2598 24 366 12 129
is_linear=0
shrinkage=0.05


Tree=11
num_leaves=15
num_cat=0
split_feature=0 4 0 14 27 16 36 38 5 49 33 25 27 8
split_gain=641260 1.15093e+06 1.1589e+06 476845 506176 382475 835642 344820 225613 163197 196659 149706 408184 162569
threshold=0.4152075960155634 0.060412511091216488 0.41651782701537671 -0.059742494441327093 0.28539144430081687 0.12927639189802589 -0.098473247038726938 -0.068339344320926421 -0.023703083946265312 0.093266586136931076 -0.09214577447129943 0.14667455043848845 0.27591809410996887 0.12620803295897262
decision_type=2 2 2 2 2 2 2 2 2 2 2 2 2 2
left_child=9 3 8 4 -2 11 -7 -4 -3 10 -1 13 -13 -5
right_child=1 2 7 5 -6 6 -8 -9 -10 -11 -12 12 -14 -15
leaf_value=14.128312555948893 3.4984731265476761 14.868914333979289 19.405192456926617 -0.28289586007595063 20.856338373819987 -0.91802394866943338 32.461450195312501 39.665997314453136 -0.76482739925384502 -0.3823677641066392 1.1676189567645392 1.6287424945831295 21.832295227050782 2.2391176308837855
leaf_weight=2.9999999999999991 14.000000000000002 2.9999999999999991 7 267 5.9999999999999991 5.0000000000000009 2.9999999999999991 2.9999999999999982 10.000000000000002 2468 120 15.000000000000002 2.9999999999999991 84
leaf_count=3 14 3 7 267 6 5 3 3 10 2468 120 15 3 84
internal_value=-8.92505e-09 1.81234 12.6866 1.18235 8.70583 0.783223 11.5993 25.4834 2.84296 -0.29378 1.48373 0.548728 4.996 0.320663
internal_weight=3011 420 23 397 20 377 8 10 13 2591 123 369 18 351
internal_count=3011 420 23 397 20 377 8 10 13 2591 123 369 18 351
is_linear=0
shrinkage=0.05


Tree=12
num_leaves=15
num_cat=0
split_feature=0 4 0 14 27 16 36 38 47 33 8 25 27 8
split_gain=578737 1.03872e+06 1.04591e+06 430353 456824 345184 754167 311200 213009 152994 487517 137881 371912 154862
threshold=0.4152075960155634 0.060412511091216488 0.41651782701537671 -0.059742494441327093 0.28539144430081687 0.12927639189802589 -0.098473247038726938 -0.068339344320926421 -0.078242763460656159 -0.066204537139711625 0.032258274095372165 0.12647707525150118 0.27591809410996887 0.12620803295897262
decision_type=2 2 2 2 2 2 2 2 2 2 2 2 2 2
left_child=9 3 8 4 -2 11 -7 -4 -3 10 -1 13 -13 -5
right_child=1 2 7 5 -6 6 -8 -9 -10 -11 -12 12 -14 -15
leaf_value=0.63458606084187819 3.3235494494438167 14.386031452814738 18.434932817731582 -0.34226218397944019 19.813521575927737 -0.87212272644042932 30.83837865193685 37.682697550455742 -0.80475472450256325 -0.3112269987369205 22.714366912841797 1.0572995257377622 16.303452377319338 2.1271618766355376
leaf_weight=15.000000000000002 14.000000000000002 2.9999999999999991 7 260 5.9999999999999991 5.0000000000000009 2.9999999999999991 2.9999999999999982 10.000000000000002 2573 2.9999999999999991 20.000000000000004 4.9999999999999991 84
leaf_count=15 14 3 7 260 6 5 3 3 10 2573 3 20 5 84
internal_value=6.5312e-09 1.72173 12.0523 1.12323 8.27054 0.744062 11.0193 24.2093 2.70081 -0.279091 4.31455 0.521292 4.10653 0.260737
internal_weight=3011 420 23 397 20 377 8 10 13 2591 18 369 25 344
internal_count=3011 420 23 397 20 377 8 10 13 2591 18 369 25 344
is_linear=0
shrinkage=0.05


Tree=13
num_leaves=15
num_cat=0
split_feature=49 39 11 18 15 42 51 28 33 5 14 14 9 2
split_gain=535450 510987 490789 353876 969612 263432 198781 183295 164684 761272 941408 131701 303346 126740
threshold=0.13308662598568158 -0.070484040750911428 -1.0000000180025095e-35 -0.077330940545980234 0.19293806067280705 0.080944649096377566 0.093099181646033022 -0.12068513323432169 1.0000000180025095e-35 -0.067903992205672739 0.091466026950812782 -0.13763447293215839 -1.0000000180025095e-35 298.50000000000006
decision_type=2 2 2 2 2 2 2 2 2 2 2 2 2 2
left_child=1 2 -1 4 -3 -4 -6 13 9 10 -2 12 -10 -5
right_child=8 3 5 7 6 -7 -8 -9 11 -11 -12 -13 -14 -15
leaf_value=1.6953994333744049 30.246057281494149 2.3140221018057603 28.282653045654293 16.520924123128257 14.570487721761069 10.136300468444823 30.333612060546866 0.42986153950034994 0.046931654214859009 -0.014092523768796758 -0.43631833076477045 -0.35135680628539645 18.690544462203981 1.9870704650878901
leaf_weight=7.9999999999999991 4.9999999999999982 65 4 2.9999999999999991 5.9999999999999982 4 3 307 7.9999999999999991 59 5 2528 2.9999999999999991 3
leaf_count=8 5 65 4 3 6 4 3 307 8 59 5 2528 3 3
internal_value=4.07295e-10 1.69619 10.4524 1.33418 4.44372 19.2095 19.8249 0.599014 -0.262103 2.14808 14.9049 -0.327603 5.13155 9.254
internal_weight=3011 403 16 387 74 8 9 313 2608 69 10 2539 11 6
internal_count=3011 403 16 387 74 8 9 313 2608 69 10 2539 11 6
is_linear=0
shrinkage=0.05


Tree=14
num_leaves=15
num_cat=0
split_feature=49 33 11 43 2 14 2 7 27 16 26 37 14 43
split_gain=483243 477006 388238 321748 277512 265854 316077 153884 720059 676309 147011 142742 131344 978747
threshold=0.13308662598568158 -0.09214577447129943 0.18011301201819421 0.19779984960720554 284.50000000000006 -0.059742494441327093 105.50000000000001 0.20765431368196596 0.20171064891763588 -0.035050001698398822 -0.10420423989742142 -0.166114618149409 -0.08200549405326156 0.093968884028650654
decision_type=2 2 2 2 2 2 2 2 2 2 2 2 2 2
left_child=1 4 3 5 -1 6 -3 12 -9 -10 -7 -12 13 -2
right_child=7 2 -4 -5 -6 10 -8 8 9 -11 11 -13 -14 -15
leaf_value=26.357153320312502 -0.52701169252395619 13.540146382649736 16.898430085182191 13.844834232330323 4.8508643468221022 3.4033200836181643 1.9521674797815436 -0.21803940246845116 2.0240815957387284 35.597617594401044 11.204130331675213 0.24565445257878751 -0.32772032060810163 30.099221801757814
leaf_weight=2.9999999999999991 20.000000000000004 9.0000000000000018 3.9999999999999991 4.9999999999999991 3 45 17 29 3 2.9999999999999991 2.9999999999999991 314 2550 2.9999999999999991
leaf_count=3 20 9 4 5 3 45 17 29 3 3 3 314 2550 3
internal_value=-9.67304e-09 1.61138 1.39991 1.24216 15.604 1.07976 5.96339 -0.248998 3.04406 18.8108 0.728998 0.349362 -0.293793 3.46771
internal_weight=3011 403 397 393 6 388 26 2608 35 6 362 317 2573 23
internal_count=3011 403 397 393 6 388 26 2608 35 6 362 317 2573 23
is_linear=0
shrinkage=0.05


Tree=15
num_leaves=15
num_cat=0
split_feature=0 4 16 14 32 38 15 4 24 33 27 26 27 15
split_gain=447633 1.63641e+06 535320 401956 289467 258482 155236 237534 145298 141890 516103 125401 195141 159830
threshold=0.41651782701537671 0.060412511091216488 0.12927639189802589 -1.0000000180025095e-35 0.099333153924107478 -0.068339344320926421 0.30592225456330485 -0.080193393552907027 0.042409497929252242 -0.066204537139711625 0.2376429122989441 -0.15964565399425726 0.26911572783095666 -1.0000000180025095e-35
decision_type=2 2 2 2 2 2 2 2 2 2 2 2 2 2
left_child=9 2 3 4 8 -3 -5 -8 -2 10 -1 12 -11 -14
right_child=1 5 -4 6 -6 -7 7 -9 -10 11 -12 -13 13 -15
leaf_value=0.34179836511611938 11.02304382324219 16.434333038330077 17.359686279296877 0.3088994754848175 23.274780782063804 33.976178995768237 -1.5104755083719885 18.38653004964193 -1.7621250629425047 0.91271700017592483 20.016083717346191 -0.3110147084792842 2.0306480407714838 18.351912307739259
leaf_weight=20.000000000000004 4.9999999999999982 7 4.9999999999999991 277 2.9999999999999991 2.9999999999999982 3 2.9999999999999991 4 102 3.9999999999999991 2569 3 2.9999999999999991
leaf_count=20 5 7 5 277 3 3 3 3 4 102 4 2569 3 3
internal_value=3.43665e-09 1.79952 1.13628 0.861303 9.82426 21.6969 0.481248 8.43803 5.34075 -0.206535 3.62085 -0.240849 1.42819 10.1913
internal_weight=3011 310 300 295 12 10 283 6 9 2701 24 2677 108 6
internal_count=3011 310 300 295 12 10 283 6 9 2701 24 2677 108 6
is_linear=0
shrinkage=0.05


Tree=16
num_leaves=15
num_cat=0
split_feature=49 11 33 24 4 25 2 50 35 14 43 7 11 12
split_gain=407867 459357 410787 280272 255049 233736 156186 151462 176078 140578 819938 125318 394538 120666
threshold=0.12432888539209512 0.18011301201819421 -0.09214577447129943 0.19413876891997978 -1.0000000180025095e-35 -0.066317643676127178 105.50000000000001 0.12040139930718939 -0.093048584517279528 -0.08200549405326156 0.093968884028650654 0.29843938832484834 0.053500060730668146 0.10952930095845158
decision_type=2 2 2 2 2 2 2 2 2 2 2 2 2 2
left_child=1 2 4 5 -1 6 -4 -7 -9 10 -2 13 -13 -11
right_child=9 -3 3 -5 -6 7 -8 8 -10 11 -12 12 -14 -15
leaf_value=4.0282422383626288 0.16283998489379881 20.996392822265626 14.86502838134766 14.317505598068237 24.645753479003908 0.62472208767940995 1.6094888687133786 14.847904777526857 2.2399844858381486 -0.29507555989321238 28.027813720703126 -0.73401503860950479 20.528024276097611 9.7384421666463226
leaf_weight=3 22.000000000000004 2.9999999999999991 4.9999999999999982 3.9999999999999991 2.9999999999999991 356 4 3.9999999999999991 8.9999999999999982 2581 2.9999999999999991 7.9999999999999982 3 2.9999999999999991
leaf_count=3 22 3 5 4 3 356 4 4 9 2581 3 8 3 3
internal_value=2.60845e-09 1.50639 1.35569 1.15179 14.337 1.01248 8.97368 0.8183 6.11934 -0.224808 3.50664 -0.260756 5.06472 -0.283427
internal_weight=3011 391 388 382 6 378 9 369 13 2620 25 2595 11 2584
internal_count=3011 391 388 382 6 378 9 369 13 2620 25 2595 11 2584
is_linear=0
shrinkage=0.05


Tree=17
num_leaves=15
num_cat=0
split_feature=0 4 17 51 14 27 16 36 0 8 40 14 33 8
split_gain=374305 701630 722449 324987 264348 315571 239920 545704 156377 100885 128879 161088 100158 327894
threshold=0.4152075960155634 0.060412511091216488 0.046833429526159098 -0.089760186894248625 -0.059742494441327093 0.28539144430081687 0.12927639189802589 -0.098473247038726938 0.41830936568556565 0.12620803295897262 0.27854015479820388 0.030729418598470594 -0.066204537139711625 0.032258274095372165
decision_type=2 2 2 2 2 2 2 2 2 2 2 2 2 2
left_child=12 4 -3 -4 5 -2 9 -8 -5 10 -6 -12 13 -1
right_child=1 2 3 8 6 -7 7 -9 -10 -11 11 -13 -14 -15
leaf_value=0.47431629180908197 2.3827888908130777 26.688700561523419 20.22745971679683 -0.3525091926256817 -0.30709187812573013 16.088267262776693 -0.95328261852264373 26.020867156982423 12.410417556762695 1.9095862626747857 13.00253086090088 1.4163141469160716 -0.25045080273833853 18.582173808415732
leaf_weight=15.000000000000002 14.000000000000002 5.0000000000000027 3.0000000000000062 11.999999999999995 267 5.9999999999999991 5.0000000000000009 2.9999999999999991 2.9999999999999991 86 3.9999999999999991 11.999999999999998 2573 2.9999999999999991
leaf_count=15 14 5 3 12 267 6 5 3 3 86 4 12 2573 3
internal_value=-2.84395e-09 1.38464 9.87509 5.20464 0.89275 6.49443 0.595578 9.16202 2.20008 0.409856 -0.0458927 4.31287 -0.224449 3.49229
internal_weight=3011 420 23 18 397 20 377 8 15 369 283 16 2591 18
internal_count=3011 420 23 18 397 20 377 8 15 369 283 16 2591 18
is_linear=0
shrinkage=0.05


Tree=18
num_leaves=15
num_cat=0
split_feature=49 11 33 43 4 14 2 14 43 26 17 7 5 19
split_gain=342496 373205 350013 243804 213645 178925 220451 119796 705324 112241 108267 102884 339885 95116.8
threshold=0.12432888539209512 0.18011301201819421 -0.09214577447129943 0.19779984960720554 -1.0000000180025095e-35 -0.059742494441327093 105.50000000000001 -0.08200549405326156 0.093968884028650654 -0.10420423989742142 -1.0000000180025095e-35 0.29843938832484834 -1.0000000180025095e-35 0.1697141649635989
decision_type=2 2 2 2 2 2 2 2 2 2 2 2 2 2
left_child=1 2 4 5 -1 6 -4 8 -2 13 -11 -9 -13 -7
right_child=7 -3 3 -5 -6 9 -8 11 -10 10 -12 12 -14 -15
leaf_value=3.7922167142232248 0.13729735937985507 18.947928365071615 11.258474646674259 12.024785232543946 22.662177022298181 2.2476949868537486 1.476770044490695 -0.25973224866408684 25.981447855631515 1.8394238633353535 -0.28153582557838047 18.938485272725419 -0.79602990597486512 10.334277820587159
leaf_weight=3 22.000000000000004 2.9999999999999991 9.0000000000000018 4.9999999999999991 2.9999999999999991 40 15.999999999999998 2584 2.9999999999999991 82 226 3 7.9999999999999982 3.9999999999999991
leaf_count=3 22 3 9 5 3 40 16 2584 3 82 226 3 8 4
internal_value=9.12133e-09 1.3804 1.24457 1.05636 13.2272 0.910889 4.99818 -0.206006 3.2386 0.620598 0.283135 -0.239191 4.58611 2.98284
internal_weight=3011 391 388 382 6 377 25 2620 25 352 308 2595 11 44
internal_count=3011 391 388 382 6 377 25 2620 25 352 308 2595 11 44
is_linear=0
shrinkage=0.05


Tree=19
num_leaves=15
num_cat=0
split_feature=0 4 17 33 19 41 10 36 5 14 9 2 49 17
split_gain=315242 475915 808462 311224 509371 244774 228093 173669 300561 171293 465411 131394 98760.7 95365.7
threshold=0.41421884703350459 0.084461248575193368 0.046833429526159098 -0.066204537139711625 0.024971462085191538 0.056557262695925724 0.094020141992673834 0.053161023919667837 -0.083633341256693292 -0.070889169393617543 -1.0000000180025095e-35 264.50000000000006 -0.075733062418382027 -0.08486285808194699
decision_type=2 2 2 2 2 2 2 2 2 2 2 2 2 2
left_child=12 3 6 4 -2 -4 -3 9 -9 10 -5 -7 -1 -11
right_child=1 2 5 7 -6 11 -8 8 -10 13 -12 -13 -14 -15
leaf_value=7.5902594566345218 26.567764027913412 29.685145950317384 0.42943077222867443 -0.10103377444403511 2.4088312804698946 19.221744791666666 11.446846445401507 19.787243143717426 2.4505479192733768 1.7474526181635335 16.543200556437174 4.423449683189391 -0.27286488302207895 -0.10622586737616101
leaf_weight=3.9999999999999991 2.9999999999999991 3.9999999999999991 22.000000000000004 14.000000000000002 7.9999999999999991 2.9999999999999991 3 3.0000000000000027 14.999999999999998 82 5.9999999999999991 3 2390 451
leaf_count=4 3 4 22 14 8 3 3 3 15 82 6 3 2390 451
internal_value=6.80895e-09 1.00776 6.67041 0.66722 8.99763 2.87082 21.8687 0.506739 5.34 0.349418 4.89224 11.8226 -0.259727 0.178955
internal_weight=3011 617 35 582 11 28 7 571 18 553 20 6 2394 533
internal_count=3011 617 35 582 11 28 7 571 18 553 20 6 2394 533
is_linear=0
shrinkage=0.05


end of trees

feature_importances:
embedding_10=25
prompt_approx_tokens=21
embedding_23=20
embedding_00=16
embedding_22=16
embedding_45=16
embedding_29=15
a2_score=13
embedding_39=13
embedding_03=12
embedding_13=10
embedding_04=9
embedding_07=8
embedding_08=8
embedding_11=8
embedding_31=8
embedding_12=7
embedding_35=7
embedding_09=6
embedding_32=6
embedding_01=4
embedding_20=4
embedding_15=3
embedding_21=3
embedding_34=3
embedding_05=2
embedding_28=2
embedding_37=2
embedding_47=2
embedding_06=1
embedding_14=1
embedding_24=1
embedding_27=1
embedding_33=1
embedding_36=1
embedding_38=1
embedding_41=1
embedding_43=1
embedding_44=1
embedding_46=1

parameters:
[boosting: gbdt]
[objective: regression]
[metric: rmse]
[tree_learner: serial]
[device_type: cpu]
[data_sample_strategy: bagging]
[data: ]
[valid: ]
[num_iterations: 20]
[learning_rate: 0.05]
[num_leaves: 15]
[num_threads: 1]
[seed: 23]
[deterministic: 0]
[force_col_wise: 1]
[force_row_wise: 0]
[histogram_pool_size: -1]
[max_depth: -1]
[min_data_in_leaf: 3]
[min_sum_hessian_in_leaf: 0.001]
[bagging_fraction: 1]
[pos_bagging_fraction: 1]
[neg_bagging_fraction: 1]
[bagging_freq: 0]
[bagging_seed: 25556]
[bagging_by_query: 0]
[feature_fraction: 1]
[feature_fraction_bynode: 1]
[feature_fraction_seed: 31605]
[extra_trees: 0]
[extra_seed: 3808]
[early_stopping_round: 0]
[early_stopping_min_delta: 0]
[first_metric_only: 0]
[max_delta_step: 0]
[lambda_l1: 0]
[lambda_l2: 0]
[linear_lambda: 0]
[min_gain_to_split: 0]
[drop_rate: 0.1]
[max_drop: 50]
[skip_drop: 0.5]
[xgboost_dart_mode: 0]
[uniform_drop: 0]
[drop_seed: 6130]
[top_rate: 0.2]
[other_rate: 0.1]
[min_data_per_group: 100]
[max_cat_threshold: 32]
[cat_l2: 10]
[cat_smooth: 10]
[max_cat_to_onehot: 4]
[top_k: 20]
[monotone_constraints: ]
[monotone_constraints_method: basic]
[monotone_penalty: 0]
[feature_contri: ]
[forcedsplits_filename: ]
[refit_decay_rate: 0.9]
[cegb_tradeoff: 1]
[cegb_penalty_split: 0]
[cegb_penalty_feature_lazy: ]
[cegb_penalty_feature_coupled: ]
[path_smooth: 0]
[interaction_constraints: ]
[verbosity: -1]
[saved_feature_importance_type: 0]
[use_quantized_grad: 0]
[num_grad_quant_bins: 4]
[quant_train_renew_leaf: 0]
[stochastic_rounding: 1]
[linear_tree: 0]
[max_bin: 255]
[max_bin_by_feature: ]
[min_data_in_bin: 3]
[bin_construct_sample_cnt: 200000]
[data_random_seed: 113]
[is_enable_sparse: 1]
[enable_bundle: 1]
[use_missing: 1]
[zero_as_missing: 0]
[feature_pre_filter: 1]
[pre_partition: 0]
[two_round: 0]
[header: 0]
[label_column: ]
[weight_column: ]
[group_column: ]
[ignore_column: ]
[categorical_feature: ]
[forcedbins_filename: ]
[precise_float_parser: 0]
[parser_config_file: ]
[objective_seed: 16714]
[num_class: 1]
[is_unbalance: 0]
[scale_pos_weight: 1]
[sigmoid: 1]
[boost_from_average: 1]
[reg_sqrt: 0]
[alpha: 0.9]
[fair_c: 1]
[poisson_max_delta_step: 0.7]
[tweedie_variance_power: 1.5]
[lambdarank_truncation_level: 30]
[lambdarank_norm: 1]
[label_gain: ]
[lambdarank_position_bias_regularization: 0]
[eval_at: ]
[multi_error_top_k: 1]
[auc_mu_weights: ]
[num_machines: 1]
[local_listen_port: 12400]
[time_out: 120]
[machine_list_filename: ]
[machines: ]
[gpu_platform_id: -1]
[gpu_device_id: -1]
[gpu_device_id_list: ]
[gpu_use_dp: 0]
[num_gpu: 1]

end of parameters

pandas_categorical:null
