tree
version=v4
num_class=1
num_tree_per_iteration=1
label_index=0
max_feature_idx=51
objective=binary sigmoid:1
feature_names=a2_score has_code_fence prompt_approx_tokens prompt_chars embedding_00 embedding_01 embedding_02 embedding_03 embedding_04 embedding_05 embedding_06 embedding_07 embedding_08 embedding_09 embedding_10 embedding_11 embedding_12 embedding_13 embedding_14 embedding_15 embedding_16 embedding_17 embedding_18 embedding_19 embedding_20 embedding_21 embedding_22 embedding_23 embedding_24 embedding_25 embedding_26 embedding_27 embedding_28 embedding_29 embedding_30 embedding_31 embedding_32 embedding_33 embedding_34 embedding_35 embedding_36 embedding_37 embedding_38 embedding_39 embedding_40 embedding_41 embedding_42 embedding_43 embedding_44 embedding_45 embedding_46 embedding_47
feature_infos=[-2.1979028665377092:-1.097587509565821] none [8:965] [34:3860] [-0.41087217443874041:0.61782155193190347] [-0.48471791416315496:0.50738849249045237] [-0.58520573598065284:0.1637091018140116] [-0.457495710997814:0.48970210687439175] [-0.41646336503628284:0.36980013081681939] [-0.46164353574848277:0.27910827799011501] [-0.49030428616306426:0.35382651028683815] [-0.41130179815941625:0.42628184178677897] [-0.7761441759351253:0.25514595333753737] [-0.25087260300212721:0.56200266417119338] [-0.38669459561826541:0.57796492950336786] [-0.48622141449773226:0.48730810225589299] [-0.55001909821692674:0.39036002917941331] [-0.23408229439226114:0.70149986857704305] [-0.3596943895981084:0.42459591394742019] [-0.3481553119113957:0.47546492756792713] [-0.3245134270208202:0.52075564392329554] [-0.39082557499682519:0.32882426898275152] [-0.41281254969226883:0.45401858887714786] [-0.49763795114508702:0.41301708893558936] [-0.53839652650374503:0.42173074971558477] [-0.30845685446746224:0.51089105201080265] [-0.40388187304691769:0.36099410255771208] [-0.2290393337255473:0.6393508022779113] [-0.40927275453502904:0.33633639699815621] [-0.42444648726183282:0.25630729731502827] [-0.73874861306336814:0.21031022607861385] [-0.4681734716045628:0.40689422938557973] [-0.30599503068105227:0.41130179815941625] [-0.2520988421229669:0.59213690821293896] [-0.43249857361756672:0.4493247650413843] [-0.64379044019311227:0.34731435582359393] [-0.48314531438551706:0.27044936151312532] [-0.3576777653141881:0.55381861969499646] [-0.5121475197315839:0.33776026473659926] [-0.53951250094920478:0.43748483228844198] [-0.63167616570923679:0.68475227121768012] [-0.48949020986880254:0.48218561322280346] [-0.46114398896535042:0.38087317795088099] [-0.44766148103584524:0.36014120303280989] [-0.39773369280899523:0.42008402520840299] [-0.48434471241406046:0.48800932206302489] [-0.75925660236529657:0.33806170189140661] [-0.51314236049113426:0.3563249516154553] [-0.43560684186903209:0.43070552164653242] [-0.42111744380615784:0.62985816774525505] [-0.35666297896665838:0.37577968896651326] [-0.51047656089015592:0.41650600860529929]
tree_sizes=1677 1704 1721 1719 1697 1704 1729 1718 1729 1710 1716 1714 1722 1720 1718 1734 1716 1710 1724 1720 1730 1717 1729 1728 1733 1739 1734 1728 1723 1724

Tree=0
num_leaves=15
num_cat=0
split_feature=0 39 42 49 3 49 14 44 33 44 39 2 15 38
split_gain=92.9548 159.199 66.1834 64.2264 66.6883 57.1954 55.4542 53.0469 43.045 32.4912 31.8281 31.8281 29.8962 66.0342
threshold=-1.7049225380169546 -0.070484040750911428 -0.044632250683824003 1.0000000180025095e-35 197.50000000000003 0.36328039731228873 0.29701220084972552 -0.082607554554759252 -0.09214577447129943 -0.085242208442094264 -0.1173102087232868 83.500000000000014 0.16642012621290145 -0.16893442715449841
decision_type=2 2 2 2 2 2 2 2 2 2 2 2 2 2
left_child=12 2 9 -3 5 -5 8 -4 -6 -2 11 -9 -1 -14
right_child=1 3 7 4 6 -7 -8 10 -10 -11 -12 -13 13 -15
leaf_value=-2.8252343696659907 -2.160501992463602 -2.844140288295705 -2.7241247876010193 -2.0610391462628774 -2.1140859975699335 -2.7020219328897479 -1.9284220179952567 -1.9284220179952556 -2.7541135854504826 -2.8567419158686471 -1.928422017995252 -2.8567419158686471 -2.3925819669319486 -2.8125362064461044
leaf_weight=130.12755411863327 0.2154429703950882 11.903224114328625 0.37702519819140445 0.75405039638280758 0.26930371299386102 0.64632891118526459 0.21544297039508897 0.16158222779631626 10.718287777155632 0.75405039638280902 1.131075594574215 0.2154429703950882 1.292657822370529 3.3932267837226382
leaf_count=2416 4 221 7 14 5 12 4 3 199 14 21 4 24 63
internal_value=-2.80371 -2.71969 -2.36631 -2.76085 -2.68219 -2.35688 -2.72285 -2.19366 -2.73843 -2.70202 -2.06104 -2.45889 -2.82077 -2.69669
internal_weight=162.175 27.3613 2.85462 24.5066 12.6034 1.40038 11.203 1.88513 10.9876 0.969493 1.5081 0.377025 134.813 4.68588
internal_count=3011 508 53 455 234 26 208 35 204 18 28 7 2503 87
is_linear=0
shrinkage=1


Tree=1
num_leaves=15
num_cat=0
split_feature=0 49 39 24 4 2 49 24 15 38 45 34 30 31
split_gain=75.0288 83.3257 42.3098 37.8276 38.8841 41.587 32.6262 32.1104 24.7937 39.9006 35.5242 43.0176 24.1712 20.5132
threshold=-1.7049225380169546 -0.097805324035007662 -0.070484040750911428 -0.082065267993049987 -0.16601946121824218 52.500000000000007 0.33186387482799656 0.09044369368359681 0.16642012621290145 -0.14571994827363113 -1.0000000180025095e-35 -0.11978780913441699 -0.21226806848135724 -0.15291004749147083
decision_type=2 2 2 2 2 2 2 2 2 2 2 2 2 2
left_child=8 -2 13 6 5 7 12 -5 -1 10 11 -10 -4 -3
right_child=1 2 3 4 -6 -7 -8 -9 9 -11 -12 -13 -14 -15
leaf_value=-0.02085000833486049 -0.052909215068448937 -0.053464975442516098 0.55637448781741117 0.54181977047095564 0.015404458651940366 0.012831082750259216 -0.05320296462046617 0.1278863854121832 -0.054569669237920428 -0.021287116086084301 -0.054164903021672074 0.5640266782905683 0.13609963614669482 0.30219959810106883
leaf_weight=127.66727674007416 9.3530975282192248 0.45234375819563855 0.98094584792852413 1.0881103463471 10.920638743787991 1.5150378197431562 0.50908078998327244 0.82279509678482998 0.38363851606845867 3.1530314832925788 0.62068985402584065 1.0509013533592224 0.52532617747784294 3.9072031229734447
leaf_count=2416 180 8 13 13 193 27 9 12 5 59 9 14 8 45
internal_value=-0.000346486 0.0709683 0.126883 0.0900037 0.0615094 0.208475 0.292845 0.363589 -0.0164876 0.0904453 0.26186 0.398596 0.4098 0.265296
internal_weight=162.95 30.0746 20.7215 16.3619 14.3466 3.42594 2.01535 1.91091 132.876 5.20826 2.05523 1.43454 1.50627 4.35955
internal_count=3011 508 328 275 245 52 30 25 2503 87 28 19 21 53
is_linear=0
shrinkage=0.05


Tree=2
num_leaves=15
num_cat=0
split_feature=0 49 34 38 15 38 7 12 15 8 26 45 34 2
split_gain=63.6185 65.9888 26.4068 25.1863 20.6721 25.9854 20.2774 24.2839 21.9162 22.8708 21.9137 18.8756 18.5561 17.1306
threshold=-1.7049225380169546 -0.097805324035007662 0.074743563949001848 -0.079243178113089022 0.16642012621290145 -0.14571994827363113 -0.034731511388917023 1.0000000180025095e-35 0.0719195753948325 -0.079681982574346624 -0.22070429923473614 -1.0000000180025095e-35 -0.11978780913441699 75.500000000000014
decision_type=2 2 2 2 2 2 2 2 2 2 2 2 2 2
left_child=4 -2 6 -4 13 11 10 8 -8 -10 -3 12 -6 -1
right_child=1 2 3 -5 5 -7 7 -9 9 -11 -12 -13 -14 -15
leaf_value=0.017728114792526471 -0.052759290759928405 0.30911097087742823 0.33901304517475384 -0.053230845335074245 -0.05432698894763674 -0.020618773469826907 0.054735080532732766 -0.053093576676599245 0.054827506486972336 0.24009119272612495 -0.024224714903083148 -0.053946127516988497 0.33926551553681306 -0.029200741512020359
leaf_weight=24.068521618843079 8.9215850830078143 0.54574880003929127 2.0220876149833207 0.513099305331706 0.36651715636253412 3.0940008126199237 4.5781246498227093 1.7974328845739371 2.2755765728652513 6.2174045257270283 5.106129724532372 0.59275232255458821 1.6366511657834053 101.25378060340881
leaf_count=464 180 6 23 9 5 59 70 33 33 68 86 9 14 1952
internal_value=-0.000523054 0.0627062 0.107387 0.259626 -0.0159559 0.0772553 0.0885782 0.119222 0.142918 0.190452 0.00796238 0.193908 0.26725 -0.0201879
internal_weight=162.989 31.9772 23.0556 2.53519 131.012 5.68992 20.5204 14.8685 13.0711 8.49298 5.65188 2.59592 2.00317 125.322
internal_count=3011 508 328 32 2503 87 296 204 171 101 92 28 19 2416
is_linear=0
shrinkage=0.05


Tree=3
num_leaves=15
num_cat=0
split_feature=0 49 39 24 36 15 44 16 45 24 4 34 41 49
split_gain=54.8948 54.1536 19.8918 18.6098 40.5175 24.9515 28.5303 19.9887 21.3861 18.1321 23.5698 17.4908 18.9374 17.9104
threshold=-1.7049225380169546 -0.097805324035007662 -0.070484040750911428 -0.082065267993049987 -0.025125979179166542 -0.076228155790473359 0.13632996569595227 -0.17151391207036057 -0.083301275999594346 -0.082065267993049987 -0.1537704048598609 0.080812223758823146 0.16720112143065338 0.60551546781022858
decision_type=2 2 2 2 2 2 2 2 2 2 2 2 2 2
left_child=3 -2 -3 4 7 -6 -7 8 -1 -4 -11 12 13 -12
right_child=1 2 9 -5 5 6 -8 -9 -10 10 11 -13 -14 -15
leaf_value=0.5112477273383792 -0.052617483033201323 0.17256991283221013 0.18361963473878165 -0.019859349494712904 -0.052848019116032666 0.78609355697147609 0.12682182966340425 -0.041180634064556715 0.068725781154605259 0.13523476370178067 -0.032559191825877069 0.21326198345156852 0.48855666545261178 0.4450137520229005
leaf_weight=0.35231609642505635 8.5087676346302015 6.02357875928283 2.8909941129386452 122.43757269904017 0.25485026463866234 0.41658766195177932 0.27076298370957375 4.1752968169748783 1.2131237499415872 5.202602203935391 9.6111820526420964 0.93062657117843706 0.18445663899183351 0.20041416212916452
leaf_count=5 180 53 30 2383 5 7 3 80 20 62 165 12 3 3
internal_value=-0.0006184 0.0563602 0.0933859 -0.0154246 0.0658243 0.369716 0.526391 0.0159478 0.168319 0.068309 0.0476408 0.00593406 -0.0133681 -0.0228042
internal_weight=162.673 33.5526 25.0439 129.121 6.68294 0.942201 0.687351 5.74074 1.56544 19.0203 16.1293 10.9267 9.99605 9.8116
internal_count=3011 508 328 2503 120 15 10 105 25 275 245 183 171 168
is_linear=0
shrinkage=0.05


Tree=4
num_leaves=15
num_cat=0
split_feature=0 45 4 2 44 7 12 33 51 33 50 13 2 33
split_gain=48.708 54.4498 36.6636 21.1219 20.6974 20.5216 19.2159 27.4987 37.4592 30.1207 29.408 19.4299 18.8155 18.0162
threshold=-1.7646045160940969 -0.05000011718803405 -0.13023874535953095 75.500000000000014 0.03599081018328066 0.14859856986498729 -0.389231864756656 0.29460610183889629 0.14918456068665911 0.3501269487912661 0.05241439018358459 0.10984710098777646 61.500000000000007 0.098713281551629548
decision_type=2 2 2 2 2 2 2 2 2 2 2 2 2 2
left_child=3 13 4 6 5 12 7 8 -1 10 -9 -12 -3 -2
right_child=1 2 -4 -5 -6 -7 -8 9 -10 -11 11 -13 -14 -15
leaf_value=-0.03094862237130197 0.18103202207182387 0.20178072178615236 -0.026973653744917527 -0.028772048566002819 -0.053317895229202633 0.48725987448534219 0.0039071834801304864 0.91284806405485708 0.67141170241095516 -0.052897382520747528 0.59093291519632207 0.06782079830120312 -0.053431853943701549 0.075084439137863279
leaf_weight=2.278033003211025 5.8115248717367676 2.6613749116659196 24.41870354115963 93.078084319829941 1.3531840331852434 0.45893422514200199 16.723918899893761 0.25886738672852494 0.20709390938282002 0.41418781876564026 0.31064086407423019 0.41418781876564026 0.99114719778299321 12.962403248995541
leaf_count=44 59 21 459 1847 24 5 323 5 4 8 6 8 17 181
internal_value=-0.000713881 0.0411493 -0.000774178 -0.0186313 0.116298 0.172123 0.0271725 0.127375 0.0275814 0.304786 0.45539 0.292012 0.132526 0.107881
internal_weight=162.342 48.6573 29.8833 113.685 5.46464 4.11146 20.6069 3.88301 2.48513 1.39788 0.983696 0.724829 3.65252 18.7739
internal_count=3011 766 526 2245 67 43 398 75 48 27 19 14 38 240
is_linear=0
shrinkage=0.05


Tree=5
num_leaves=15
num_cat=0
split_feature=0 45 4 2 44 49 15 0 4 2 16 15 38 12
split_gain=43.2419 43.9375 30.9746 19.0218 15.8725 15.7155 16.3904 16.6529 22.7256 15.5369 15.2352 14.3285 20.0746 13.7504
threshold=-1.7646045160940969 -0.05000011718803405 -0.13023874535953095 75.500000000000014 0.03599081018328066 0.5052229415749 0.048224380022217787 -1.7523319692214281 -0.021228761429193607 48.500000000000007 -0.17351664646254425 0.13721703133208762 -0.14571994827363113 -0.389231864756656
decision_type=2 2 2 2 2 2 2 2 2 2 2 2 2 2
left_child=3 5 4 13 -3 6 9 8 -8 -2 -4 -5 -13 -1
right_child=1 2 10 11 -6 -7 7 -9 -10 -11 -12 12 -14 -15
leaf_value=0.10227421473604768 0.1805447720546805 0.14523373754986477 0.09651712758613254 -0.03286020904852878 -0.05314650743484664 0.30831999995807507 0.85352808502198296 0.10231192084262873 0.20677824052433813 -0.016396608070283963 -0.039257925428963114 0.16686092891028151 -0.034919653531319435 0.0036985957780777188
leaf_weight=4.4825710654258755 1.2351458147168219 4.601474646478894 2.2849877253174844 85.723666965961456 1.2912345416843889 0.82458575814962287 0.16544494032859802 12.029273360967631 0.75869022309780376 5.2930280491709709 21.566418584436175 2.2082643620669842 2.7898768410086623 16.78219148516655
leaf_count=75 9 43 31 1770 24 11 3 125 9 83 428 21 56 323
internal_value=-0.000817675 0.0378186 -0.000889172 -0.0180854 0.101764 0.094517 0.0854675 0.118025 0.322564 0.0208652 -0.0262505 -0.0280621 0.0542305 0.0244781
internal_weight=162.037 50.0503 29.7441 111.987 5.89271 20.3062 19.4816 12.9534 0.924135 6.52817 23.8514 90.7218 4.99814 21.2648
internal_count=3011 766 526 2245 67 240 229 137 12 92 459 1847 77 398
is_linear=0
shrinkage=0.05


Tree=6
num_leaves=15
num_cat=0
split_feature=0 45 4 2 33 7 16 39 7 15 38 12 48 22
split_gain=38.3418 35.683 26.6474 17.5154 13.7431 13.6624 13.5361 13.0579 46.2863 13.5469 15.9168 12.8109 17.8137 27.5471
threshold=-1.7646045160940969 -0.05000011718803405 -0.13023874535953095 75.500000000000014 0.46914415643093543 -1.0000000180025095e-35 -0.19384318279480259 0.34302107684661737 -0.090602826340882001 0.13721703133208762 -0.14571994827363113 -0.3735076375093983 0.054242809299902182 0.11403007876833193
decision_type=2 2 2 2 2 2 2 2 2 2 2 2 2 2
left_child=3 -2 5 4 11 -3 -4 9 -9 -5 -11 -1 -13 -14
right_child=1 2 6 7 -6 -7 -8 8 -10 10 -12 12 13 -15
leaf_value=0.074198529921253628 0.083419418571433313 -0.026957642174979535 0.10384573361046034 -0.033852658281681526 0.42669540235840747 0.13681609325278207 -0.036813499545866102 0.98315673974851947 -0.052599313089437709 0.14133489445210662 -0.034253980617591016 -0.020344829580369837 0.58656703667416055 -0.052919500588862016
leaf_weight=7.0271404273808047 21.755947466939688 1.7758125364780424 1.8587364666163981 82.659558918327093 0.20850060880184074 4.5014564767479923 21.431686658412215 0.14480992406606674 0.42277625575661559 2.4691028669476509 2.7040854617953292 13.81425706669688 0.31275091320276338 0.36487606540322304
leaf_count=116 240 28 23 1758 4 39 436 3 9 21 56 265 6 7
internal_value=-0.000875753 0.0348166 -0.000945409 -0.0175097 0.0227113 0.0904852 -0.0255879 -0.0273955 0.211656 -0.0289402 0.0495526 0.0187971 -0.00806716 0.242228
internal_weight=161.451 51.3236 29.5677 110.128 21.7275 6.27727 23.2904 88.4003 0.567586 87.8327 5.17319 21.519 14.4919 0.677627
internal_count=3011 766 526 2245 398 67 459 1847 12 1835 77 394 278 13
is_linear=0
shrinkage=0.05


Tree=7
num_leaves=15
num_cat=0
split_feature=0 45 4 2 33 15 49 47 15 38 14 7 35 16
split_gain=34.3311 29.6124 25.3104 16.0454 14.8895 13.8002 13.4098 12.0601 11.8792 12.9666 11.5211 11.3217 13.9261 23.8269
threshold=-1.7646045160940969 -0.035990810183280646 -0.14445133041110164 75.500000000000014 0.098713281551629548 0.21619727644106537 0.5052229415749 -0.050252010932756157 0.13721703133208762 -0.14571994827363113 -0.13763447293215839 -0.1682322700886377 -0.15565239722592827 -0.12879794063804809
decision_type=2 2 2 2 2 2 2 2 2 2 2 2 2 2
left_child=3 4 -3 11 -2 6 -6 -8 -5 -10 -4 -1 13 -13
right_child=1 2 10 8 5 -7 7 -9 9 -11 -12 12 -14 -15
leaf_value=-0.036802933281312254 0.12642122202629386 0.090292602566040533 0.18117526432107978 -0.031523678746605395 0.012289501082700513 0.1435685676144548 0.32890410912688101 -0.054540720803706401 0.12253506189763888 -0.033584476378498783 -0.03606475472941767 0.53146854270654909 0.020045366863708041 0.089281725199782308
leaf_weight=6.1502375602722195 8.1464684233069438 5.5603648610413101 0.62904078140855446 80.903966899961233 13.716414667665958 2.9381090477108947 0.64484914392232895 0.30067796260118562 2.6989319324493408 2.6221892274916163 20.504558786749836 0.34192142635583911 12.931161392480131 2.7944445125758692
leaf_count=115 66 54 8 1770 174 27 6 4 21 56 427 6 231 46
internal_value=-0.000939575 0.0322747 -0.00462522 -0.0170013 0.0705326 0.0446636 0.0248441 0.206969 -0.0267642 0.0456011 -0.0295986 0.0208876 0.0429701 0.137488
internal_weight=160.883 52.4405 26.694 108.443 25.7465 17.6001 14.6619 0.945527 86.2251 5.32112 21.1336 22.2178 16.0675 3.13637
internal_count=3011 766 489 2245 277 211 184 10 1847 77 435 398 283 52
is_linear=0
shrinkage=0.05


Tree=8
num_leaves=15
num_cat=0
split_feature=0 45 4 2 24 30 38 36 37 26 18 38 24 39
split_gain=30.7376 25.1835 20.1653 14.7301 12.3743 16.1953 11.2503 10.9914 23.1697 19.2172 22.0878 18.1025 18.3323 11.3513
threshold=-1.7646045160940969 -0.05000011718803405 -0.13023874535953095 75.500000000000014 -0.082065267993049987 -0.21226806848135724 -0.079243178113089022 -0.095984776290064536 -0.047404905399299098 -0.062853941853431308 0.039789928368456885 -0.033445018796878251 0.074432346301473037 0.34302107684661737
decision_type=2 2 2 2 2 2 2 2 2 2 2 2 2 2
left_child=3 6 -3 -1 5 -4 -2 13 9 10 11 12 -9 -5
right_child=1 2 4 7 -6 -7 -8 8 -10 -11 -12 -13 -14 -15
leaf_value=0.01931587706768716 0.088671904168541149 0.073065480312335493 0.19784889442350836 -0.037398987436787073 -0.037852136589921703 -0.053287794367695866 0.011907041048842007 0.20987552765428871 -0.016014921578958584 0.014601133260693833 0.798563008819696 -0.052457966390607957 0.79447094794391848 0.16956618240512056
leaf_weight=22.66006550565362 17.574374381452802 6.9675122722983387 1.3531297855079176 66.059089995920658 19.714034501463171 1.2214558683335841 6.552333950996398 0.55224958807229985 14.544237297028301 1.4507815092802072 0.17626629024744023 0.44629497081041369 0.17711533606052399 0.66921670734882255
leaf_count=398 158 67 12 1484 423 24 82 5 300 29 4 10 4 11
internal_value=-0.000969781 0.0300071 -0.00117948 -0.0164626 -0.0243888 0.0787026 0.0678241 -0.0261057 0.00935167 0.140988 0.276616 0.198361 0.351836 -0.0353233
internal_weight=160.118 53.3828 29.2561 106.735 22.2886 2.57459 24.1267 84.0753 17.3469 2.80271 1.35193 1.17566 0.729365 66.7283
internal_count=3011 766 526 2245 459 36 240 1847 352 52 23 19 9 1495
is_linear=0
shrinkage=0.05


Tree=9
num_leaves=15
num_cat=0
split_feature=0 2 36 2 20 2 15 49 7 33 32 12 32 33
split_gain=27.6279 22.4076 21.544 31.4633 15.1927 13.6335 10.764 11.1897 9.77127 13.0643 18.8552 15.3243 15.0642 21.5363
threshold=-1.7646045160940969 29.000000000000004 -0.12289456061136074 52.500000000000007 0.17996878481730796 75.500000000000014 0.13721703133208762 0.2686161166900875 -0.1682322700886377 0.42728876747795597 0.14486247570023444 -0.39184322158430568 0.11770367981017919 0.28826840382572261
decision_type=2 2 2 2 2 2 2 2 2 2 2 2 2 2
left_child=5 -2 3 -3 -4 8 -7 -8 -1 11 -11 12 -10 -14
right_child=1 2 4 -5 -6 6 7 -9 9 10 -12 -13 13 -15
leaf_value=-0.036496229036030829 -0.052202468109802058 0.15444349786955824 0.080867788556957199 -0.031036121489634794 -0.029166568504539626 -0.030280890023855436 0.09685513384800333 -0.052900266852491939 0.036726169241950234 0.63374627154988028 -0.053685856697248582 0.0048652109601575091 -0.053596562012689954 0.36264451965803424
leaf_weight=6.0557138286530998 7.5073987022042266 2.6987928599119213 25.488465771079067 14.962633937597273 3.5772979594767085 76.790516048669815 3.4508868232369414 1.9534703828394411 2.1983411982655592 0.21797261387109657 0.18391308933496475 12.878874666988848 0.43775855004787434 1.0711356252431867
leaf_count=115 188 16 251 252 59 1770 36 41 33 3 3 227 7 10
internal_value=-0.00101193 0.0279781 0.0408603 -0.0026935 0.0673252 -0.0159519 -0.0254808 0.0427242 0.0180366 0.0374759 0.31916 0.0306506 0.120229 0.241885
internal_weight=159.473 54.2346 46.7272 17.6614 29.0658 105.239 82.1949 5.40436 23.0437 16.988 0.401886 16.5861 3.70724 1.50889
internal_count=3011 766 578 268 310 2245 1847 77 398 283 6 277 50 17
is_linear=0
shrinkage=0.05


Tree=10
num_leaves=15
num_cat=0
split_feature=24 2 39 2 36 22 5 48 7 8 39 51 25 10
split_gain=25.8322 22.0987 23.5242 18.8756 17.4837 15.5017 13.8189 15.785 12.1411 11.8818 10.905 14.4152 11.368 10.2115
threshold=-0.082065267993049987 75.500000000000014 -0.059339358801842809 178.50000000000003 -0.05717816478307771 0.050323425630806405 0.10425749572672342 0.024992249662766659 0.070977386318017185 -0.066740895462962385 0.10592550640281433 0.27464622243100151 0.08731836351922638 -1.0000000180025095e-35
decision_type=2 2 2 2 2 2 2 2 2 2 2 2 2 2
left_child=3 2 -2 8 -3 -4 -6 -8 -1 -9 11 12 13 -7
right_child=1 4 5 -5 6 10 7 9 -10 -11 -12 -13 -14 -15
leaf_value=-0.04268910464343665 0.11797472651810269 -0.029820157151181383 -0.037468115949885805 0.12317347865125561 0.0049658219533781729 -0.038488287297989386 0.0080759177411502021 0.48374803654694321 0.11576104715353577 0.15825435297576054 0.00095312817586867306 0.51199111235690165 0.20962672042862757 0.068653331337710469
leaf_weight=4.3027457408606988 5.5096147730946532 82.362159952521324 12.938722621649502 6.9008121937513351 12.43198077753186 2.9697147421538821 1.473670452833175 0.37102957069873799 1.6813954450190065 1.1474982835352419 16.348708115518093 0.17572272941470224 1.1023722290992743 8.854873985052107
leaf_count=89 29 1837 291 64 213 44 20 5 16 11 280 2 8 102
internal_value=-0.00104002 -0.00704168 0.0207822 0.0668188 -0.0206709 0.00814967 0.0281842 0.124652 0.00183146 0.237784 0.0281907 0.062176 0.0560614 0.041745
internal_weight=158.571 145.686 47.8997 12.885 97.7863 42.3901 15.4242 2.9922 5.98414 1.51853 29.4514 13.1027 12.927 11.8246
internal_count=3011 2842 756 169 2086 727 249 36 105 16 436 156 154 146
is_linear=0
shrinkage=0.05


Tree=11
num_leaves=15
num_cat=0
split_feature=15 45 4 2 50 7 7 12 25 11 3 48 23 8
split_gain=23.3412 26.9369 18.0863 16.568 17.3534 13.2854 12.697 10.0426 25.9545 42.6292 12.5222 10.7633 11.0607 23.6784
threshold=0.068445294748648092 -0.024663759523363579 -0.1537704048598609 99.500000000000014 0.28146004377311157 -0.089622278505210165 0.11770666081398747 -0.389231864756656 0.10976463342805039 -1.0000000180025095e-35 278.50000000000006 0.054242809299902182 0.102785887458081 -0.12634591519076208
decision_type=2 2 2 2 2 2 2 2 2 2 2 2 2 2
left_child=3 5 -3 6 -5 -2 7 8 10 -10 -1 -9 -13 -14
right_child=1 2 -4 4 -6 -7 -8 11 9 -11 -12 12 13 -15
leaf_value=0.093297975496948293 -0.026982408128891817 0.082750818580117541 -0.037498922384737614 -0.034026029760315622 0.42111180782153074 0.078782778468549947 0.115726459553659 -0.015871153986554136 0.93509925979161235 0.12566930002119889 -0.03245403572253143 0.044220407214240864 0.7219298066185269 -0.052202838835604143
leaf_weight=3.335080571472643 3.4461519233882454 3.8887450546026257 15.962371472269295 56.2162508033216 0.21021318808197875 21.449969727545977 2.518180049955844 41.377844385802746 0.20257106050848961 0.82567093893885501 4.8710145950317383 2.8913936428725715 0.19323183223605156 0.20208016037940968
leaf_count=41 59 28 371 1274 3 177 29 857 5 12 103 44 3 5
internal_value=-0.00105585 0.0295019 -0.0139425 -0.0131733 -0.0323304 0.0641426 0.00598707 0.000859996 0.0483259 0.285133 0.0186535 -0.00895352 0.0781358 0.3262
internal_weight=157.591 44.7472 19.8511 112.844 56.4265 24.8961 56.4171 53.8989 9.23434 1.02824 8.2061 44.6646 3.28671 0.395312
internal_count=3011 635 399 2376 1277 236 1099 1070 161 17 144 909 52 8
is_linear=0
shrinkage=0.05


Tree=12
num_leaves=15
num_cat=0
split_feature=0 49 36 0 3 4 27 41 20 20 30 23 22 45
split_gain=21.4901 17.6548 15.0315 23.1423 11.3261 10.2989 22.8458 15.8508 23.8472 13.5373 25.7038 13.6797 14.4308 13.0599
threshold=-1.7646045160940969 -0.097805324035007662 -0.12289456061136074 -1.514440130770631 310.50000000000006 -1.0000000180025095e-35 0.25923862618241572 -0.1204951954584373 0.060634213594979482 0.12502500114592971 -0.17862277811222874 0.056077423362879242 0.11838911328029167 -0.11239775134172635
decision_type=2 2 2 2 2 2 2 2 2 2 2 2 2 2
left_child=4 -2 3 -3 5 6 13 8 -7 11 -11 12 -9 -1
right_child=1 2 -4 -5 -6 7 -8 9 -10 10 -12 -13 -14 -15
leaf_value=0.16963091812395378 -0.051975119928165982 -0.02992893346904394 0.055054043032079648 0.12122802345943147 -0.024555582829356978 0.049911579333743877 0.59347039573046823 0.13680222289390748 0.62399477517517266 0.74718856016677881 -0.053272446905781916 -0.041988627265198641 -0.053036116728917782 -0.029353300199496488
leaf_weight=0.87442418187856574 6.7290688641369334 14.213146962225439 31.38602776452899 3.0810586996376506 75.556684404611588 0.46779173612594505 0.15428292006254274 3.3810531795024836 0.29495448991656303 0.18729157000780106 0.21589759364724237 4.3254147879779339 1.4221310913562772 14.472436185926199
leaf_count=9 190 251 308 17 1797 7 2 51 5 3 4 79 27 261
internal_value=-0.00110115 0.0239366 0.0344299 -0.00299948 -0.0147893 0.0138167 -0.0119296 0.0525844 0.27191 0.0350337 0.318562 0.0225109 0.0805947 -0.0180157
internal_weight=156.762 55.4093 48.6802 17.2942 101.352 25.7957 15.5011 10.2945 0.762746 9.53179 0.403189 9.1286 4.80318 15.3469
internal_count=3011 766 576 268 2245 448 272 176 12 164 7 157 78 270
is_linear=0
shrinkage=0.05


Tree=13
num_leaves=15
num_cat=0
split_feature=24 2 39 40 0 15 22 49 37 26 34 0 50 46
split_gain=20.9727 17.164 16.8665 15.297 17.3449 15.2185 12.5383 11.9592 14.6413 12.5189 11.3437 11.6277 10.7195 13.1909
threshold=-0.082065267993049987 75.500000000000014 -0.059339358801842809 0.045804873878897201 -2.0616630623581886 0.16642012621290145 0.050323425630806405 0.44526562067138514 0.1759766478966448 -0.16863419378829866 -0.25855162112825963 -1.7850713629387964 0.28146004377311157 0.034099734263148447
decision_type=2 2 2 2 2 2 2 2 2 2 2 2 2 2
left_child=3 2 -2 -1 -5 7 -4 9 -9 12 -6 -12 13 -3
right_child=1 5 6 4 10 -7 -8 8 -10 -11 11 -13 -14 -15
leaf_value=-0.028232764829607449 0.095604153087547175 -0.053960641677742616 -0.036582708067665233 1.0798838142208627 0.46872668211522472 0.041253757626767806 0.023279905431036831 0.015914266937349569 0.4479717567742143 -0.038689798494326522 0.0020590505497244454 0.11856166527266748 0.37563796124625404 0.11115174690687091
leaf_weight=3.694595292210578 6.0184051319956771 2.4718470238149157 12.231532502919434 0.044157467782496407 0.19050509482622047 9.332912936806677 30.706274151802063 10.168283872306343 0.19993713125586587 68.775153782218695 3.2398920953273747 6.3186912387609491 0.23077765107154835 2.3688991367816925
leaf_count=73 29 43 291 1 2 113 436 233 5 1651 52 41 2 39
internal_value=-0.00113224 -0.00677256 0.0172146 0.0584598 0.0911654 -0.0193257 0.00622707 -0.0260393 0.0242459 -0.0330994 0.0866871 0.079073 0.0427118 0.0268398
internal_weight=155.992 142.504 48.9562 13.4878 9.79325 93.5478 42.9378 84.2149 10.3682 73.8467 9.74909 9.55858 5.07152 4.84075
internal_count=3011 2842 756 169 96 2086 727 1973 238 1735 95 93 84 82
is_linear=0
shrinkage=0.05


Tree=14
num_leaves=15
num_cat=0
split_feature=36 2 40 2 45 11 46 16 0 0 32 51 32 23
split_gain=18.7204 23.2843 20.0607 18.2518 16.2504 15.946 35.2872 13.6141 25.0019 11.3469 10.5541 10.676 12.9804 10.213
threshold=-0.098473247038726938 97.500000000000014 0.038236231473896584 315.50000000000006 -0.066148110045782221 -0.05643347943816162 0.12446096733442795 -0.10397701639987715 -1.9506973479167773 -1.917018302217864 0.24910209012728943 0.036155168973252889 0.16952773256304041 0.022124080175053989
decision_type=2 2 2 2 2 2 2 2 2 2 2 2 2 2
left_child=1 4 -2 9 7 6 10 -1 -9 -4 11 12 -6 -11
right_child=2 -3 3 -5 5 -7 -8 8 -10 13 -12 -13 -14 -15
leaf_value=-0.054391345729874752 -0.01725487055013741 -0.039759898159810209 -0.033709955498392299 -0.035316408279523558 0.055516827111129485 -0.014462473036897978 0.75077755822852954 0.62304426525086443 0.083428234868553053 0.042921917877921989 0.38566350176172642 -0.01218671860598973 0.35803426178164788 0.10745659970641207
leaf_weight=1.780691724270582 19.215507913380861 46.375353090465069 2.6800076141953495 5.5770293772220603 1.3207350932061661 41.755325060337782 0.18635093793272961 0.2214127816259851 7.0343360416591159 12.470919691026213 0.22674810513854016 3.6090218275785446 0.48473292216658581 12.058642994612454
leaf_count=35 359 1139 67 121 22 854 3 4 75 145 3 71 7 106
internal_value=-0.00114432 -0.0134915 0.0233104 0.0470849 0.00802413 -0.00364914 0.0738296 0.0694917 0.0998949 0.0639743 0.0514675 0.037472 0.136737 0.0746469
internal_weight=154.997 102.995 52.0021 32.7866 56.6194 47.5829 5.82759 9.03644 7.25575 27.2096 5.64124 5.41449 1.80547 24.5296
internal_count=3011 2213 798 439 1074 960 106 114 79 318 103 100 29 251
is_linear=0
shrinkage=0.05


Tree=15
num_leaves=15
num_cat=0
split_feature=24 2 39 36 17 40 6 34 30 27 35 39 41 33
split_gain=17.2124 15.1729 14.1035 13.3578 11.8092 11.7534 10.6183 15.3166 8.87027 10.5333 9.41974 11.026 12.9966 8.57859
threshold=-0.082065267993049987 75.500000000000014 -0.059339358801842809 -0.05717816478307771 0.083340964086316971 0.045804873878897201 -0.23809898756750078 -0.038807823356169495 -0.22022248804686587 0.24566661443836482 -0.15671222516575775 0.10649119135836758 -0.05391655746071021 0.18303804963228118
decision_type=2 2 2 2 2 2 2 2 2 2 2 2 2 2
left_child=5 2 -2 -3 -4 -1 7 13 10 -10 11 12 -6 -5
right_child=1 3 4 6 8 -7 -8 -9 9 -11 -12 -13 -14 -15
leaf_value=-0.026926410720680596 0.086351711545133991 -0.027460025240972422 -0.04743691054797318 0.18679811391531326 0.088782385844758338 0.078437364464339826 -0.0039653793574484361 -0.053678698131254733 0.026343208899912953 0.1429558514137744 -0.038788167757780857 -0.022826105611916253 0.47308096770447516 0.0045974291716297392
leaf_weight=3.5458119958639136 6.2080596685409537 74.785704344511032 8.4031821619719249 2.5879081487655644 0.98823530226945877 10.439251668751238 11.273486360907553 1.4224372580647493 20.025837246328599 2.1437853053212157 9.6210241541266388 1.6035951822996137 0.28300926834344797 0.86096119508147229
leaf_count=73 29 1837 210 22 10 96 183 26 279 16 181 28 3 18
internal_value=-0.00117155 -0.00644757 0.0158961 -0.0185559 0.00574034 0.0517231 0.0226894 0.0843757 0.0186309 0.0376196 -0.0150579 0.0643585 0.174336 0.141314
internal_weight=154.192 140.207 49.2767 90.9305 43.0687 13.9851 16.1448 4.87131 34.6655 22.1696 12.4959 2.87484 1.27124 3.44887
internal_count=3011 2842 756 2086 727 169 249 66 517 295 222 41 13 40
is_linear=0
shrinkage=0.05


Tree=16
num_leaves=15
num_cat=0
split_feature=0 40 36 30 2 0 25 2 30 18 41 40 47 49
split_gain=16.1438 15.6868 11.5195 13.6216 13.1443 12.437 10.0025 8.70742 8.64514 17.3986 51.0334 9.19477 10.4933 8.59696
threshold=-1.8537439764111281 -0.11359281011123169 -0.098473247038726938 -0.21659309267082891 64.500000000000014 -1.8472532351902284 0.094862446101622686 97.500000000000014 -0.18964509775008964 0.10356378828982919 -0.052414390183584576 -0.11297908558818581 -0.056614069803398205 0.47312829759030212
decision_type=2 2 2 2 2 2 2 2 2 2 2 2 2 2
left_child=7 6 3 -3 5 -5 -2 -1 9 -6 -11 12 -10 -8
right_child=1 2 -4 4 8 -7 13 -9 11 10 -12 -13 -14 -15
leaf_value=0.00049833125789442248 -0.042526875589539465 -0.03191770729602323 0.043669554458015278 0.83832946857033397 0.042983474693606555 0.089806939528619414 -0.016626167132642245 -0.036904880479528807 0.3502224093456025 -0.053407065682252119 1.2945852021123971 -0.0206412920653322 -0.052877975875265298 0.17720481228951745
leaf_weight=27.684179063886404 16.166681338101629 15.585203334689139 34.82017975486815 0.05608520284295071 2.5301864892244335 5.2637376300990608 1.3036427795886987 35.529890954494476 0.3646828904747963 0.18993508070707321 0.11139150708913792 12.137013632804154 0.28969164192676444 1.0193691588938234
leaf_count=577 378 342 353 1 48 41 27 959 3 4 3 261 6 8
internal_value=-0.00116571 0.012456 0.023092 0.00347653 0.0298163 0.0976984 -0.0285865 -0.0205244 0.00670146 0.0857556 0.444906 -0.010798 0.17177 0.0684295
internal_weight=153.052 89.8378 71.3481 36.5279 20.9427 5.31982 18.4897 63.2141 15.6229 2.83151 0.301327 12.7914 0.654375 2.32301
internal_count=3011 1475 1062 709 367 42 413 1536 325 55 7 270 9 35
is_linear=0
shrinkage=0.05


Tree=17
num_leaves=15
num_cat=0
split_feature=45 38 8 26 49 44 12 0 28 22 8 44 50 39
split_gain=14.7866 13.7173 13.4997 9.5337 9.56111 11.5961 10.1596 16.2692 17.8209 14.6593 13.0171 12.948 10.2657 9.36782
threshold=-0.062242647779817105 -0.056980513476196183 0.09421697770530324 -0.14581654745684761 0.42621897657792956 0.23962845156267196 -0.3307279034624292 -1.9160530037701273 0.1129868775636987 0.062272812270774837 -0.056151763782899884 0.059761716318057163 0.11250921261207415 -0.026961018371705257
decision_type=2 2 2 2 2 2 2 2 2 2 2 2 2 2
left_child=1 2 -1 13 -5 6 7 8 9 11 -11 12 -6 -2
right_child=3 -3 -4 4 5 -7 -8 -9 -10 10 -12 -13 -14 -15
leaf_value=0.027810659288328765 0.12836022446352369 -0.023080460935844364 0.13160489005087492 -0.025604407918833789 0.60633107808954112 0.35064166688994414 -0.026060201254521461 0.008907026905820516 0.7155531334312486 -0.052891773399353741 0.25250404828850742 -0.052541924093066752 0.21300390199817998 0.0073853340440887434
leaf_weight=31.19519104808569 2.2128693535923958 12.377834167331455 3.4824053645133963 70.408428005874157 0.3023920468986051 0.2467927522957315 12.668401263654232 11.123270299285652 0.13019732385873783 1.2569085732102396 0.48300633579492513 0.21869726479053497 0.36749595403671265 5.7803556099534026
leaf_count=413 16 252 21 1675 4 4 279 210 3 27 6 5 3 93
internal_value=-0.00119278 0.0221053 0.0382339 -0.011614 -0.0159303 0.00948798 0.00631687 0.0358635 0.144554 0.116271 0.0318872 0.2815 0.390554 0.0408764
internal_weight=152.254 47.0554 34.6776 105.199 97.2056 26.7972 26.5504 13.882 2.7587 2.6285 1.73991 0.888585 0.669888 7.99322
internal_count=3011 686 434 2325 2216 541 537 258 48 45 33 12 7 109
is_linear=0
shrinkage=0.05


Tree=18
num_leaves=15
num_cat=0
split_feature=24 2 15 39 49 17 26 49 51 13 49 7 31 37
split_gain=14.5145 12.5832 11.8853 11.0521 10.6761 10.2401 9.85862 9.75871 9.49592 12.8823 11.4015 17.953 10.286 13.111
threshold=-0.082065267993049987 75.500000000000014 0.16642012621290145 -0.059339358801842809 0.44526562067138514 0.083340964086316971 -0.16863419378829866 0.32607274209175247 0.10039995733964961 0.26155106393951927 0.44933524971228433 -0.16380830561322873 0.10413157685873613 0.15430375493431783
decision_type=2 2 2 2 2 2 2 2 2 2 2 2 2 2
left_child=7 3 4 -2 6 -5 -3 -1 10 12 11 -6 13 -10
right_child=1 2 -4 5 8 -7 -8 -9 9 -11 -12 -13 -14 -15
leaf_value=0.066450473313710692 0.075377829231043775 0.032617924033998158 0.03438209068785205 -0.046957582528616593 0.4990686711459944 0.016347404152086509 -0.037073032123351106 -0.039658253238771229 -0.01231437969643679 0.50663152861449956 -0.029455001287856004 -0.051951549998846949 0.29841226696300754 0.28474362883016918
leaf_weight=11.652046233415602 6.3835862651467314 5.5271964967250815 9.7872507274150831 7.8011536151170722 0.27150896936655045 35.265741497278214 61.974949937313795 2.6618665233254424 2.378710970282556 0.17700032517313946 6.4827587977051735 0.32449453696608355 0.42326847463846196 0.4401794672012328
leaf_count=121 29 84 113 210 5 517 1651 48 53 2 158 9 6 5
internal_value=-0.00119435 -0.00619162 -0.0175548 0.0139809 -0.0240717 0.00488032 -0.0313666 0.0467181 0.0228352 0.0912588 -0.0102145 0.199065 0.0685822 0.0340723
internal_weight=151.552 137.238 87.7873 49.4505 78.0001 43.0669 67.5021 14.3139 10.4979 3.41916 7.07876 0.596004 3.24216 2.81889
internal_count=3011 2842 2086 756 1973 727 1735 169 238 66 172 14 64 58
is_linear=0
shrinkage=0.05


Tree=19
num_leaves=15
num_cat=0
split_feature=36 2 40 2 45 11 25 31 0 16 0 42 11 9
split_gain=13.3023 19.4339 14.6063 13.1791 11.1173 12.843 12.8105 12.2798 10.2005 9.94838 13.3766 8.09521 8.0155 8.00895
threshold=-0.098473247038726938 97.500000000000014 0.038236231473896584 315.50000000000006 -0.066148110045782221 -0.05643347943816162 0.097358681715489462 -0.11585737851518994 -1.9536973157207378 -0.10397701639987715 -1.9438823006977017 -0.066778554303151202 0.056077423362879242 -0.092847830810034129
decision_type=2 2 2 2 2 2 2 2 2 2 2 2 2 2
left_child=1 4 12 -4 9 6 7 11 -8 -1 -11 -6 -2 -12
right_child=2 -3 3 -5 5 -7 8 -9 -10 10 13 -13 -14 -15
leaf_value=-0.054747251730863603 -0.042631414418295814 -0.038111829035264728 0.051427389484248666 -0.03444520572532208 -0.05256369317809273 -0.013458907780273059 0.35787909877950608 -0.014573346057143735 0.042790004440225501 0.32373668244896264 0.12170009080088438 0.22851154753864475 0.025614893767091508 0.017242324059607159
leaf_weight=1.6853569708764542 11.451309980824592 41.422732917591929 29.127739287912846 5.2775863744318476 0.33982716873288143 40.410359345376492 0.59962086379528046 3.8387769870460029 0.44934450834989526 0.52153479680418868 3.2030866369605056 1.0405472815036767 6.8917307443916789 4.2962208800017834
leaf_count=35 299 1139 318 121 8 854 5 76 7 5 23 10 60 51
internal_value=-0.00119424 -0.0121087 0.0190437 0.038255 0.00699436 -0.0031297 0.0634624 0.0314171 0.222905 0.0556824 0.0788861 0.159315 -0.0169903 0.0618581
internal_weight=150.556 97.8074 52.7484 34.4053 56.3847 46.6785 6.26812 5.21915 1.04897 9.7062 8.02084 1.38037 18.343 7.49931
internal_count=3011 2213 798 439 1074 960 106 94 12 114 79 18 359 74
is_linear=0
shrinkage=0.05


Tree=20
num_leaves=15
num_cat=0
split_feature=0 40 25 24 39 41 7 49 0 15 30 27 17 39
split_gain=12.5815 12.2733 8.76883 8.54223 7.60336 9.72811 8.69284 7.80843 9.071 8.85832 10.4731 11.9568 7.98279 7.59004
threshold=-1.8537439764111281 -0.11359281011123169 0.094862446101622686 -0.082065267993049987 0.34302107684661737 -0.3117165160981698 -0.090602826340882001 0.40105449994032338 -1.9160530037701273 -0.062853941853431308 -0.28002800840280095 0.097211429962011806 0.16649210501538059 0.1215287413085618
decision_type=2 2 2 2 2 2 2 2 2 2 2 2 2 2
left_child=4 2 -2 -3 5 -1 -6 -7 9 -9 -11 -12 -13 -5
right_child=1 3 -4 13 6 7 -8 8 -10 10 11 12 -14 -15
leaf_value=0.49473450134347507 -0.041522598956701712 0.060255080273095132 0.061814499864598596 0.021594973593277902 0.28647857857819481 -0.034694041209945341 -0.052055430143035021 -0.007974816575796002 -0.026334422588083058 -0.018588382145188102 -0.052413651331958966 -0.052366070693752154 0.23233109133371471 -0.021304466886108781
leaf_weight=0.091309431940316155 14.856389988213779 11.010412434116004 2.3820699751377097 48.238052681088448 0.43018386512994766 39.201004281640053 0.33910256251692672 4.4399506840854883 11.062220541760324 1.427546741440892 0.59964843466878148 0.2799634970724586 2.0430312976241112 13.113430831581352
leaf_count=2 378 82 35 722 3 1101 9 103 245 32 15 7 19 258
internal_value=-0.00118948 0.010671 -0.0272431 0.0197032 -0.0189267 -0.0209581 0.137252 -0.0217555 0.00379343 0.0417087 0.0924175 0.146638 0.19802 0.0124255
internal_weight=149.514 89.6004 17.2385 72.3619 59.914 59.1447 0.769286 59.0534 19.8524 8.79014 4.35019 2.92264 2.32299 61.3515
internal_count=3011 1475 413 1062 1536 1524 12 1522 421 176 73 41 26 980
is_linear=0
shrinkage=0.05


Tree=21
num_leaves=15
num_cat=0
split_feature=0 48 5 38 45 39 20 12 43 13 49 38 48 4
split_gain=11.5367 11.1652 9.8241 8.85855 8.37844 7.9919 7.7576 7.28432 9.51023 9.4474 9.17099 8.93123 8.56885 8.32146
threshold=-1.8537439764111281 0.033261352157938531 0.11152315867171034 -0.068339344320926421 0.10690482402558131 -0.070484040750911428 -0.21248676074621561 -0.35278712314896804 -0.050874003685465241 0.26155106393951927 0.45686425781807011 -0.10600010164592381 -0.12543644526945658 -0.16601946121824218
decision_type=2 2 2 2 2 2 2 2 2 2 2 2 2 2
left_child=-1 5 3 -3 -5 -2 -7 8 9 11 -10 -8 -12 -9
right_child=1 2 -4 4 -6 6 7 13 10 -11 12 -13 -14 -15
leaf_value=-0.01840234411202912 0.043770082478576 0.04764173515833578 0.12377600135420937 -0.05337305437724045 0.37976160724820041 0.13677458007565821 0.16781913011104554 0.026817475879352293 -0.041582978419363717 0.45600906931410867 0.27662151274664265 -0.053242088083639061 0.036405663095733676 -0.025098656645747581
leaf_weight=58.770578686147928 9.3601212669163925 12.769709080457691 3.1842181179672471 3.6109889559447779 0.11521185562014569 0.93861738219857116 1.3197004385292535 9.4858854077756316 4.2050957344472391 0.19467284530401219 0.44880584627389941 0.69886586815118801 2.14817039296031 41.4274828452617
leaf_count=1536 72 131 31 75 2 6 15 94 94 2 5 14 34 900
internal_value=-0.00117554 0.0100852 0.0433699 0.027849 -0.0399808 0.000757747 -0.00585665 -0.00809058 0.0333354 0.123364 0.00404208 0.0912836 0.0779194 -0.0154259
internal_weight=148.678 89.9075 19.6801 16.4959 3.7262 70.2274 60.8673 59.9287 9.01531 2.21324 6.80207 2.01857 2.59698 50.9134
internal_count=3011 1475 239 208 77 1236 1164 1158 164 31 133 29 39 994
is_linear=0
shrinkage=0.05


Tree=22
num_leaves=15
num_cat=0
split_feature=15 45 15 2 14 33 8 7 47 12 25 6 6 49
split_gain=10.8269 11.5349 13.4731 10.813 10.1068 8.16072 7.97751 7.58185 7.25762 7.34845 9.26533 7.5548 9.15771 11.6204
threshold=0.068445294748648092 -0.024663759523363579 0.094969333602182945 99.500000000000014 0.3922987107441453 0.11552372944533902 0.071107231856598799 0.11770666081398747 -0.11857397068560188 -0.35278712314896804 0.10976463342805039 -0.16148715344289991 -0.16895549165700144 0.44526562067138514
decision_type=2 2 2 2 2 2 2 2 2 2 2 2 2 2
left_child=3 5 -3 7 -5 -2 -7 8 -1 10 11 12 -10 -14
right_child=1 2 -4 4 -6 6 -8 -9 9 -11 -12 -13 13 -15
leaf_value=-0.045904612571120412 0.070259067398843175 0.064882212198772798 -0.03721134240054047 -0.02910735186808841 0.49881487904634558 -0.00096024798656098645 0.08846644958381801 0.083813297404895876 0.022721886329039299 -0.0080337569846291746 0.12451799303279124 -0.041046285805059132 0.015524260793695186 0.3069407637133017
leaf_weight=7.3083368781954041 11.923006575554611 4.2542012985795763 13.443200483918188 46.271699519827962 0.090837512165306999 13.264499541372063 3.0713026374578467 2.8679574988782397 9.6039630491286498 27.990844663232568 2.4036251567304125 3.9012218248099062 0.68535559624433584 0.68298322707414627
leaf_count=168 80 52 347 1274 3 138 18 29 174 596 26 87 13 6
internal_value=-0.00116003 0.0189844 -0.0126695 -0.0102534 -0.028073 0.0388081 0.0158529 0.00464744 0.000329066 0.00779331 0.0334349 0.0187154 0.0399638 0.16098
internal_weight=147.763 45.9562 17.6974 101.807 46.3625 28.2588 16.3358 55.4443 52.5763 45.268 17.2771 14.8735 10.9723 1.36834
internal_count=3011 635 399 2376 1277 236 156 1099 1070 902 306 280 193 19
is_linear=0
shrinkage=0.05


Tree=23
num_leaves=15
num_cat=0
split_feature=26 42 36 5 27 39 0 38 40 43 12 20 2 14
split_gain=10.6026 8.97434 11.0327 10.2899 11.3462 10.252 9.37034 9.05592 8.17793 8.88723 9.06642 8.31898 8.75396 8.96745
threshold=-0.04445548755871561 -0.027842609760918898 -0.093295594758544806 0.095455534942541623 0.14341768719934292 0.34302107684661737 -1.495901100746168 -0.083268275181708304 0.19123742050278469 0.045554752345499869 -0.24430243654281306 0.050355361805279865 96.500000000000014 0.3922987107441453
decision_type=2 2 2 2 2 2 2 2 2 2 2 2 2 2
left_child=1 5 6 7 -5 -1 -3 -4 11 -10 -11 -2 -13 -14
right_child=8 2 3 4 -6 -7 -8 -9 9 10 -12 12 13 -15
leaf_value=-0.0092210168196355698 -0.034376806309292678 -0.026811385665389861 0.069101098750025139 0.19654809731311226 -0.058159335772007097 0.29383661400739119 0.081874624297610873 -0.01573316999351004 -0.004744002605804586 -0.052017838645905479 0.11197520951585056 0.015537936091771919 -0.03781638679747823 0.42864825934601047
leaf_weight=24.343313856050376 38.643020732328296 8.9914957992732543 10.39295974932611 2.2761024683713909 0.54118593037128437 0.28229779005050559 2.5442643836140624 4.5112917479127654 10.068902419880031 1.0729759056121109 3.9287670981138936 25.571501333266497 13.397623833268877 0.10383031144738275
leaf_count=495 1015 218 71 18 6 2 12 65 180 31 35 472 389 2
internal_value=-0.00114613 0.0164949 0.0352156 0.0599878 0.14762 -0.00574689 -0.00284019 0.043423 -0.0113906 0.0223178 0.0767954 -0.0179273 -0.00165881 -0.0342291
internal_weight=146.67 53.8829 29.2573 17.7215 2.81729 24.6256 11.5358 14.9043 92.7866 15.0706 5.00174 77.716 39.073 13.5015
internal_count=3011 887 390 160 24 497 230 136 2124 246 66 1878 863 391
is_linear=0
shrinkage=0.05


Tree=24
num_leaves=15
num_cat=0
split_feature=48 3 46 36 36 34 15 16 14 45 49 46 33 44
split_gain=9.64165 10.3035 9.46912 9.2422 8.00214 7.57645 10.4119 8.71689 7.45008 16.4208 7.33307 8.18713 8.59437 8.32003
threshold=0.024992249662766659 310.50000000000006 -0.11119704396302126 -0.10216751933334035 0.03402084468505804 0.051787346174944994 -0.16177162624560773 -0.36708699019028024 0.32513197004914079 -0.083301275999594346 0.42730565723896058 0.11227424301126611 0.29236787269694775 0.053102566039806516
decision_type=2 2 2 2 2 2 2 2 2 2 2 2 2 2
left_child=1 2 -1 -2 8 7 -7 -4 10 -10 -3 13 -13 -12
right_child=3 4 5 -5 -6 6 -8 -9 9 -11 11 12 -14 -15
leaf_value=-0.051676269144041123 -0.0093735197943120921 -0.034718001422022131 0.50519476743505998 0.045699754716095102 0.064626807924164906 0.72227082597626724 0.079777549304204221 0.010316693218287359 0.5961815349340247 -0.051596873065285147 0.036233157122614698 0.0075393340361131801 0.2597141893554929 -0.052361469355675309
leaf_weight=5.6624940373003474 12.832565292716028 49.285696210339665 0.089176326990126564 18.746413946151733 2.6105852983891955 0.064433857798576688 2.9509197361767283 40.967894626781344 0.1539519689977169 0.26838137768208881 5.573959877714513 0.72870881296694168 0.62995265051722527 5.0518029648810625
leaf_count=203 318 1348 1 211 28 1 17 581 3 9 136 13 8 134
internal_value=-0.00112929 -0.00789968 0.0091896 0.0233199 -0.0211173 0.0170097 0.0935067 0.0113916 -0.0247457 0.184536 -0.0261882 0.0088902 0.124462 -0.00588736
internal_weight=145.617 114.038 49.7349 31.579 64.303 44.0724 3.01535 41.0571 61.6925 0.422333 61.2701 11.9844 1.35866 10.6258
internal_count=3011 2482 803 529 1679 600 18 582 1651 12 1639 291 21 270
is_linear=0
shrinkage=0.05


Tree=25
num_leaves=15
num_cat=0
split_feature=24 26 28 23 38 18 20 20 27 26 47 3 23 49
split_gain=9.41675 8.88494 7.76704 8.9428 8.91991 7.50553 7.4571 7.35942 7.16974 8.22323 7.03207 9.26417 7.44015 6.99164
threshold=-0.082065267993049987 -0.052414390183584576 0.036961089415210681 -0.035402405088871193 -0.064701551452186215 0.098058280054820798 0.050355361805279865 -0.10831166127610087 0.14699329804644531 -0.056614069803398205 -0.10375722525196995 397.50000000000006 0.102785887458081 0.32607274209175247
decision_type=2 2 2 2 2 2 2 2 2 2 2 2 2 2
left_child=13 2 3 5 7 -2 -3 -5 -9 -10 -8 12 -12 -1
right_child=1 6 -4 4 -6 -7 10 8 9 -11 11 -13 -14 -15
leaf_value=0.052194183131814301 -0.048761228515178445 -0.029112625508569134 -0.027217022250089574 0.21183312101771221 -0.011399416606192729 0.071619353982787945 -0.040961521409797683 0.020221326023076368 0.066132992795853524 0.22802783251646719 0.042724306444585025 -0.023216717096195376 -0.039165317446424382 -0.039982889788149907
leaf_weight=12.274391897022722 6.0748058985918751 43.959282107651234 9.3723262026905996 0.7228587288409497 6.753607943654063 1.6455619707703588 8.3534236531704646 9.9684448912739771 7.9215539544820786 0.87056151404976656 18.253923961892728 12.967715995386241 3.2707221712917081 2.4713903423398724
leaf_count=121 128 1184 186 6 145 21 199 153 55 10 316 370 69 48
internal_value=-0.00112318 -0.00541412 0.0130777 0.0241992 0.038118 -0.0231026 -0.0146445 0.0552823 0.0492503 0.0821632 0.000199568 0.010168 0.030281 0.0367453
internal_weight=144.881 130.135 43.3297 33.9574 26.237 7.72037 86.8051 19.4834 18.7606 8.79212 42.8458 34.4924 21.5246 14.7458
internal_count=3011 2842 704 518 369 149 2138 224 218 65 954 755 385 169
is_linear=0
shrinkage=0.05


Tree=26
num_leaves=15
num_cat=0
split_feature=45 38 8 14 33 38 5 28 51 3 26 27 19 19
split_gain=8.82539 8.58827 8.53506 7.09885 8.2637 7.54979 18.7265 7.27266 6.837 6.61917 6.37661 6.93886 8.06132 8.03953
threshold=-0.062242647779817105 -0.05051577647350837 0.09421697770530324 0.13578390284547384 1.0000000180025095e-35 -0.14571994827363113 -0.099668733933478568 -0.15039570940774644 0.18529355409161716 370.50000000000006 -0.044839396873993277 0.053376701149226942 0.083009730609121118 -0.10165841784541217
decision_type=2 2 2 2 2 2 2 2 2 2 2 2 2 2
left_child=1 2 3 4 -1 6 -5 -8 -3 -7 11 -2 13 -13
right_child=10 8 -4 5 -6 9 7 -9 -10 -11 -12 12 -14 -15
leaf_value=0.081850684326789797 -0.039322220656573044 -0.031939541452608113 0.10040613580058898 1.1346376421202229 -0.012681419542657306 0.050002054764317676 0.53943562147727975 0.071653825128911788 0.16866410961753744 -0.052963109599338247 -0.018937564132531212 0.10292867910755277 0.061274509832541305 -0.0090931125298124842
leaf_weight=2.6869919374585178 6.263652140274643 9.9527786616235936 3.6738989353179923 0.042125038802623638 16.557801177725196 3.9109609946608526 0.084098130464553722 6.9286390729248524 0.44367932900786478 2.5975247677415609 63.922193976119161 1.7663442976772845 7.9758031778037539 17.176940908655524
leaf_count=18 159 228 21 1 223 50 1 69 7 68 1666 19 119 362
internal_value=-0.00110506 0.0167111 0.0281357 0.0200427 0.000517319 0.047747 0.0835772 0.0772636 -0.0233786 0.00890885 -0.00970602 0.00807734 0.0191065 0.00135223
internal_weight=143.983 46.8785 36.482 32.8081 19.2448 13.5633 7.05486 7.01274 10.3965 6.50849 97.1049 33.1827 26.9191 18.9433
internal_count=3011 686 451 430 241 189 71 70 235 118 2325 659 500 381
is_linear=0
shrinkage=0.05


Tree=27
num_leaves=15
num_cat=0
split_feature=48 3 46 36 20 5 38 14 49 15 33 17 19 40
split_gain=8.28915 8.776 8.37739 7.46722 7.23806 6.80831 7.2657 6.73743 6.98562 7.44503 6.72569 7.82846 7.99723 7.74205
threshold=0.024992249662766659 310.50000000000006 -0.11119704396302126 -0.10216751933334035 -0.2456403757954552 0.10425749572672342 -0.066929530189499736 0.3922987107441453 0.42730565723896058 0.0719195753948325 0.28000113614176464 0.22309860495411701 0.0559019041570901 0.075907101576356037
decision_type=2 2 2 2 2 2 2 2 2 2 2 2 2 2
left_child=1 2 -1 -2 -3 6 -5 8 9 -6 -10 -12 13 -13
right_child=3 4 -4 5 7 -7 -8 -9 10 -11 11 12 -14 -15
leaf_value=-0.051553495331519796 -0.0085061702184125003 0.14022641146393811 0.015282316652117748 0.044354405086489704 -0.041704871658969744 0.098144183560252563 -0.038739881373847068 0.34755670690306828 -0.019600971409164933 0.0046676373658024496 0.00053184542047862943 -0.052040626072991571 0.22536828382481564 0.23509478597487529
leaf_weight=5.2445995826274148 12.537998780608179 0.69645678997039695 44.213999275118113 11.612493285909295 37.687378672882915 4.1121563222259274 3.4012526106089362 0.1231653094291677 7.2033250126987678 11.235803307965396 2.7899425029754639 0.78523450903594516 1.0607581380754707 0.33487612009048462
leaf_count=203 318 4 600 105 1188 30 76 1 182 193 72 22 15 2
internal_value=-0.00109108 -0.00750885 0.00819503 0.021483 -0.020053 0.0411424 0.02553 -0.0218763 -0.0226211 -0.0310549 0.0112711 0.0560087 0.126979 0.0338034
internal_weight=143.039 111.376 49.4586 31.6639 61.9169 19.1259 15.0137 61.2205 61.0973 48.9232 12.1741 4.97081 2.18087 1.12011
internal_count=3011 2482 803 529 1679 211 181 1675 1674 1381 293 111 39 24
is_linear=0
shrinkage=0.05


Tree=28
num_leaves=15
num_cat=0
split_feature=26 28 40 43 20 2 47 12 0 34 0 18 3 32
split_gain=7.64194 7.28801 6.57113 7.38693 7.38299 7.26278 7.21339 6.97628 6.636 9.22159 8.02279 11.6416 7.52044 7.76793
threshold=-0.04445548755871561 0.050307503012724235 0.19123742050278469 0.045554752345499869 0.050355361805279865 96.500000000000014 -0.10375722525196995 -0.24430243654281306 -1.9448436137007403 -0.11624813629252413 -1.9536973157207378 -0.054717749452967195 298.50000000000006 0.24910209012728943
decision_type=2 2 2 2 2 2 2 2 2 2 2 2 2 2
left_child=1 -1 4 -4 -2 6 -6 -5 9 -8 11 -11 13 -10
right_child=2 -3 3 7 5 -7 8 -9 12 10 -12 -13 -14 -15
leaf_value=0.022426634645050788 -0.032757590412192117 -0.025295768885148919 -0.0051645081241362013 -0.051903065082559534 -0.035651915521762258 -0.03259662168657157 0.005878261009394794 0.097586577135935201 0.029155165177790817 0.25354182306385298 0.34123178333143561 -0.052596864599930716 -0.033837187464811132 0.2274456565184933
leaf_weight=44.08862485922873 35.275840297341347 9.773812258616088 9.8044111821800453 0.96358874812722195 5.6881201267242423 12.323354896157978 1.603363795205951 4.1062014214694491 10.933246223255995 0.63576017320156086 0.49971015006304043 0.6070598866790532 5.3187694009393445 0.51727010309696275
leaf_count=696 1015 191 180 31 125 391 34 35 145 5 4 15 140 4
internal_value=-0.00107511 0.013767 -0.0101311 0.0201733 -0.0162719 -0.00101893 0.0140622 0.0691739 0.0281202 0.0924131 0.172037 0.104007 0.0152922 0.0381128
internal_weight=142.139 53.8624 88.2767 14.8742 73.4025 38.1267 25.8033 5.06979 20.1152 3.34589 1.74253 1.24282 16.7693 11.4505
internal_count=3011 887 2124 246 1878 863 472 66 347 58 24 20 289 149
is_linear=0
shrinkage=0.05


Tree=29
num_leaves=15
num_cat=0
split_feature=24 2 6 15 49 19 15 51 6 6 12 30 42 15
split_gain=7.49916 7.30002 13.0077 6.76855 6.22863 7.36453 7.11323 6.56046 6.7646 8.63676 8.18543 7.00026 8.81913 6.3958
threshold=-0.082065267993049987 61.500000000000007 -0.16487458694915005 -0.10953543982278109 0.44384870914023722 -1.0000000180025095e-35 0.16642012621290145 0.10039995733964961 -0.17010584768107384 -0.16148715344289991 -0.33801244330054686 -0.30737141259421402 -0.049875582541282 0.053452412012790655
decision_type=2 2 2 2 2 2 2 2 2 2 2 2 2 2
left_child=-1 2 3 -2 6 -6 -3 8 -7 10 -10 12 -11 -9
right_child=1 4 -4 -5 5 7 -8 13 9 11 -12 -13 -14 -15
leaf_value=0.032617406858808179 0.17209697624655096 -0.02317872896531796 -0.02456665850095352 0.038202673305439645 -0.05267472254335076 -0.030608509319862018 0.023030824064855775 0.08838457381753391 0.26179206114743059 0.27427889072015293 0.020987088668916184 -0.05232628071772806 -0.0011512058354446991 -0.053539167484294138
leaf_weight=14.801300682127474 1.0068491846323038 69.473784152418375 10.692778395488856 15.08910094946623 3.538475405424836 6.313279470428828 9.4623280931264144 5.3450924996286622 0.77075796574354172 0.45124445483088493 0.65093645453453042 2.0687930919229971 0.81653519347310044 0.9322821982204913
leaf_count=169 5 1932 270 122 83 138 107 75 5 5 13 54 15 18
internal_value=-0.00105845 -0.00499524 0.0181806 0.0465782 -0.0112147 0.0130651 -0.0176394 0.0264734 0.00332149 0.0483399 0.151537 0.00436813 0.0968834 0.0673068
internal_weight=141.414 126.612 26.7887 16.096 99.8235 20.8874 78.9361 17.3489 11.0715 4.75827 1.42169 3.33657 1.26778 6.27737
internal_count=3011 2842 397 127 2445 406 2039 323 230 92 18 74 20 93
is_linear=0
shrinkage=0.05


end of trees

feature_importances:
prompt_approx_tokens=29
a2_score=28
embedding_45=24
embedding_11=22
embedding_34=17
embedding_35=17
embedding_41=17
embedding_20=13
embedding_29=13
embedding_32=13
embedding_03=12
embedding_08=12
embedding_00=11
embedding_22=10
embedding_36=10
embedding_16=9
prompt_chars=8
embedding_26=8
embedding_30=8
embedding_40=8
embedding_04=7
embedding_10=7
embedding_12=7
embedding_44=7
embedding_02=6
embedding_21=6
embedding_23=6
embedding_47=6
embedding_01=5
embedding_18=5
embedding_19=5
embedding_28=5
embedding_37=5
embedding_42=5
embedding_43=5
embedding_07=4
embedding_13=4
embedding_14=4
embedding_15=4
embedding_24=4
embedding_38=4
embedding_46=4
embedding_09=3
embedding_27=3
embedding_33=3
embedding_39=3
embedding_31=2
embedding_05=1
embedding_06=1

parameters:
[boosting: gbdt]
[objective: binary]
[metric: binary_logloss]
[tree_learner: serial]
[device_type: cpu]
[data_sample_strategy: bagging]
[data: ]
[valid: ]
[num_iterations: 30]
[learning_rate: 0.05]
[num_leaves: 15]
[num_threads: 1]
[seed: 23]
[deterministic: 0]
[force_col_wise: 1]
[force_row_wise: 0]
[histogram_pool_size: -1]
[max_depth: -1]
[min_data_in_leaf: 3]
[min_sum_hessian_in_leaf: 0.001]
[bagging_fraction: 1]
[pos_bagging_fraction: 1]
[neg_bagging_fraction: 1]
[bagging_freq: 0]
[bagging_seed: 25556]
[bagging_by_query: 0]
[feature_fraction: 1]
[feature_fraction_bynode: 1]
[feature_fraction_seed: 31605]
[extra_trees: 0]
[extra_seed: 3808]
[early_stopping_round: 0]
[early_stopping_min_delta: 0]
[first_metric_only: 0]
[max_delta_step: 0]
[lambda_l1: 0]
[lambda_l2: 0]
[linear_lambda: 0]
[min_gain_to_split: 0]
[drop_rate: 0.1]
[max_drop: 50]
[skip_drop: 0.5]
[xgboost_dart_mode: 0]
[uniform_drop: 0]
[drop_seed: 6130]
[top_rate: 0.2]
[other_rate: 0.1]
[min_data_per_group: 100]
[max_cat_threshold: 32]
[cat_l2: 10]
[cat_smooth: 10]
[max_cat_to_onehot: 4]
[top_k: 20]
[monotone_constraints: ]
[monotone_constraints_method: basic]
[monotone_penalty: 0]
[feature_contri: ]
[forcedsplits_filename: ]
[refit_decay_rate: 0.9]
[cegb_tradeoff: 1]
[cegb_penalty_split: 0]
[cegb_penalty_feature_lazy: ]
[cegb_penalty_feature_coupled: ]
[path_smooth: 0]
[interaction_constraints: ]
[verbosity: -1]
[saved_feature_importance_type: 0]
[use_quantized_grad: 0]
[num_grad_quant_bins: 4]
[quant_train_renew_leaf: 0]
[stochastic_rounding: 1]
[linear_tree: 0]
[max_bin: 255]
[max_bin_by_feature: ]
[min_data_in_bin: 3]
[bin_construct_sample_cnt: 200000]
[data_random_seed: 113]
[is_enable_sparse: 1]
[enable_bundle: 1]
[use_missing: 1]
[zero_as_missing: 0]
[feature_pre_filter: 1]
[pre_partition: 0]
[two_round: 0]
[header: 0]
[label_column: ]
[weight_column: ]
[group_column: ]
[ignore_column: ]
[categorical_feature: ]
[forcedbins_filename: ]
[precise_float_parser: 0]
[parser_config_file: ]
[objective_seed: 16714]
[num_class: 1]
[is_unbalance: 0]
[scale_pos_weight: 1]
[sigmoid: 1]
[boost_from_average: 1]
[reg_sqrt: 0]
[alpha: 0.9]
[fair_c: 1]
[poisson_max_delta_step: 0.7]
[tweedie_variance_power: 1.5]
[lambdarank_truncation_level: 30]
[lambdarank_norm: 1]
[label_gain: ]
[lambdarank_position_bias_regularization: 0]
[eval_at: ]
[multi_error_top_k: 1]
[auc_mu_weights: ]
[num_machines: 1]
[local_listen_port: 12400]
[time_out: 120]
[machine_list_filename: ]
[machines: ]
[gpu_platform_id: -1]
[gpu_device_id: -1]
[gpu_device_id_list: ]
[gpu_use_dp: 0]
[num_gpu: 1]

end of parameters

pandas_categorical:null
