tree
version=v4
num_class=1
num_tree_per_iteration=1
label_index=0
max_feature_idx=51
objective=regression
feature_names=a2_score has_code_fence prompt_approx_tokens prompt_chars embedding_00 embedding_01 embedding_02 embedding_03 embedding_04 embedding_05 embedding_06 embedding_07 embedding_08 embedding_09 embedding_10 embedding_11 embedding_12 embedding_13 embedding_14 embedding_15 embedding_16 embedding_17 embedding_18 embedding_19 embedding_20 embedding_21 embedding_22 embedding_23 embedding_24 embedding_25 embedding_26 embedding_27 embedding_28 embedding_29 embedding_30 embedding_31 embedding_32 embedding_33 embedding_34 embedding_35 embedding_36 embedding_37 embedding_38 embedding_39 embedding_40 embedding_41 embedding_42 embedding_43 embedding_44 embedding_45 embedding_46 embedding_47
feature_infos=[-2.1979028665377092:-1.097587509565821] none [8:965] [34:3860] [-0.41087217443874041:0.61782155193190347] [-0.48471791416315496:0.50738849249045237] [-0.58520573598065284:0.1637091018140116] [-0.457495710997814:0.48970210687439175] [-0.41646336503628284:0.36980013081681939] [-0.46164353574848277:0.27910827799011501] [-0.49030428616306426:0.35382651028683815] [-0.41130179815941625:0.42628184178677897] [-0.7761441759351253:0.25514595333753737] [-0.25087260300212721:0.56200266417119338] [-0.38669459561826541:0.57796492950336786] [-0.48622141449773226:0.48730810225589299] [-0.55001909821692674:0.39036002917941331] [-0.23408229439226114:0.70149986857704305] [-0.3596943895981084:0.42459591394742019] [-0.3481553119113957:0.47546492756792713] [-0.3245134270208202:0.52075564392329554] [-0.39082557499682519:0.32882426898275152] [-0.41281254969226883:0.45401858887714786] [-0.49763795114508702:0.41301708893558936] [-0.53839652650374503:0.42173074971558477] [-0.30845685446746224:0.51089105201080265] [-0.40388187304691769:0.36099410255771208] [-0.2290393337255473:0.6393508022779113] [-0.40927275453502904:0.33633639699815621] [-0.42444648726183282:0.25630729731502827] [-0.73874861306336814:0.21031022607861385] [-0.4681734716045628:0.40689422938557973] [-0.30599503068105227:0.41130179815941625] [-0.2520988421229669:0.59213690821293896] [-0.43249857361756672:0.4493247650413843] [-0.64379044019311227:0.34731435582359393] [-0.48314531438551706:0.27044936151312532] [-0.3576777653141881:0.55381861969499646] [-0.5121475197315839:0.33776026473659926] [-0.53951250094920478:0.43748483228844198] [-0.63167616570923679:0.68475227121768012] [-0.48949020986880254:0.48218561322280346] [-0.46114398896535042:0.38087317795088099] [-0.44766148103584524:0.36014120303280989] [-0.39773369280899523:0.42008402520840299] [-0.48434471241406046:0.48800932206302489] [-0.75925660236529657:0.33806170189140661] [-0.51314236049113426:0.3563249516154553] [-0.43560684186903209:0.43070552164653242] [-0.42111744380615784:0.62985816774525505] [-0.35666297896665838:0.37577968896651326] [-0.51047656089015592:0.41650600860529929]
tree_sizes=1480 1492 1503 1510 1516 1530 1526 1444 1557 1477 1524 1493 1517 1529 1514 1516 1555 1549 1504 1514

Tree=0
num_leaves=15
num_cat=0
split_feature=0 4 33 15 26 49 2 49 29 17 26 25 2 10
split_gain=5.60742e+06 9.59527e+06 5.83491e+06 4.09747e+06 2.95753e+06 3.27664e+06 2.13598e+06 1.27659e+06 1.14238e+06 1.14709e+06 829579 701878 650104 625328
threshold=-1.600186837148154 0.060412511091216488 -0.066204537139711625 0.3615133633692687 0.058925831510930123 0.28274575743923536 131.50000000000003 0.11441813109879827 -0.11858638938565695 -0.08486285808194699 0.076594760949813226 0.16616597418704848 177.50000000000003 0.0835149833117695
decision_type=2 2 2 2 2 2 2 2 2 2 2 2 2 2
left_child=7 2 -2 4 8 13 -3 10 -4 -10 11 -1 -12 -6
right_child=1 6 3 -5 5 -7 -8 -9 9 -11 12 -13 -14 -15
leaf_value=27.577034755868688 100.15240510746081 88.469072452295876 55.064907253228014 80.377406561814126 95.969071774127485 25.022407873116315 39.752407968483745 25.224680959782614 33.243148711579238 26.270380225544134 64.452408159218606 36.41351917143016 31.535741270027934 63.685741492551927
leaf_weight=134 2.9999999999999991 8.9999999999999982 3.9999999999999991 3.9999999999999991 2.9999999999999982 5 2.9999999999999991 2512 81 217 2.9999999999999991 27 3 3
leaf_count=134 3 9 4 4 3 5 3 2512 81 217 3 27 3 3
internal_value=26.2657 32.395 30.749 30.0922 29.4495 54.916 76.2899 25.5061 28.5219 28.1657 29.7392 29.0589 47.9941 79.8274
internal_weight=3011 332 320 317 313 11 12 2679 302 298 167 161 6 6
internal_count=3011 332 320 317 313 11 12 2679 302 298 167 161 6 6
is_linear=0
shrinkage=1


Tree=1
num_leaves=15
num_cat=0
split_feature=0 4 33 15 26 49 2 49 29 17 26 26 2 10
split_gain=5.0607e+06 8.65973e+06 5.266e+06 3.69797e+06 2.66917e+06 2.95717e+06 1.92772e+06 1.15213e+06 1.031e+06 1.03525e+06 748695 645705 586719 564359
threshold=-1.600186837148154 0.060412511091216488 -0.066204537139711625 0.3615133633692687 0.058925831510930123 0.28274575743923536 131.50000000000003 0.11441813109879827 -0.11858638938565695 -0.08486285808194699 0.076594760949813226 -0.057459038037705835 177.50000000000003 0.0835149833117695
decision_type=2 2 2 2 2 2 2 2 2 2 2 2 2 2
left_child=7 2 -2 4 8 13 -3 10 -4 -10 11 -1 -12 -6
right_child=1 6 3 -5 5 -7 -8 -9 9 -11 12 -13 -14 -15
leaf_value=6.6548264234296743 70.192376708984384 59.093211534288201 27.359254169464112 51.406129169464116 66.218210856119811 -1.1811203765869138 12.812380091349283 -0.98896100680539567 6.6285833570692283 0.0044533331960027673 36.277380371093749 0.14774123394128047 5.0065463066101064 35.549046834309884
leaf_weight=62 2.9999999999999991 8.9999999999999982 3.9999999999999991 3.9999999999999991 2.9999999999999982 5 2.9999999999999991 2512 81 217 2.9999999999999991 99 3 3
leaf_count=62 3 9 4 4 3 5 3 2512 81 217 3 99 3 3
internal_value=-4.8047e-08 5.82287 4.25911 3.63514 3.02465 27.2178 47.523 -0.72161 2.14344 1.80497 3.29986 2.65358 20.642 50.8836
internal_weight=3011 332 320 317 313 11 12 2679 302 298 167 161 6 6
internal_count=3011 332 320 317 313 11 12 2679 302 298 167 161 6 6
is_linear=0
shrinkage=0.05


Tree=2
num_leaves=15
num_cat=0
split_feature=0 4 33 15 26 48 2 49 14 6 17 26 25 2
split_gain=4.56728e+06 7.81541e+06 4.75257e+06 3.33742e+06 2.40893e+06 2.67552e+06 1.73977e+06 1.03979e+06 956972 1.93209e+06 1.02523e+06 675698 606208 529514
threshold=-1.600186837148154 0.060412511091216488 -0.066204537139711625 0.3615133633692687 0.058925831510930123 -1.0000000180025095e-35 131.50000000000003 0.11441813109879827 -0.059742494441327093 -1.0000000180025095e-35 -0.08486285808194699 0.076594760949813226 0.16616597418704848 177.50000000000003
decision_type=2 2 2 2 2 2 2 2 2 2 2 2 2 2
left_child=7 2 -2 4 8 -6 -3 11 9 -4 -10 12 -1 -13
right_child=1 6 3 -5 5 -7 -8 -9 10 -11 -12 13 -14 -15
leaf_value=1.1436954179806496 66.682763671875009 56.138553873697916 2.8576869964599609 48.835822677612306 3.3463229974110917 52.869686279296893 12.171761067708333 -0.93951289425989626 6.297154030976472 50.817102050781273 -0.320245934238931 34.463510131835939 9.3558943536546497 4.7562190373738593
leaf_weight=134 2.9999999999999991 8.9999999999999982 7 3.9999999999999991 6 4.9999999999999982 2.9999999999999991 2512 81 2.9999999999999982 211 2.9999999999999991 27 3
leaf_count=134 3 9 7 4 6 5 3 2512 81 3 211 3 27 3
internal_value=1.63967e-08 5.53173 4.04616 3.45338 2.87342 25.8569 45.1469 -0.685529 2.03627 17.2455 1.5154 3.13487 2.5209 19.6099
internal_weight=3011 332 320 317 313 11 12 2679 302 10 292 167 161 6
internal_count=3011 332 320 317 313 11 12 2679 302 10 292 167 161 6
is_linear=0
shrinkage=0.05


Tree=3
num_leaves=15
num_cat=0
split_feature=49 11 26 39 42 2 14 43 45 2 27 0 4 20
split_gain=4.14189e+06 5.11433e+06 2.63867e+06 2.13582e+06 1.28558e+06 2.38356e+06 1.15014e+06 6.26722e+06 1.14162e+06 1.0826e+06 930411 1.78899e+06 852383 656395
threshold=0.12432888539209512 0.18011301201819421 0.076594760949813226 -0.12998043244309918 0.061085041110589856 149.50000000000003 -0.070889169393617543 0.093968884028650654 -1.0000000180025095e-35 177.50000000000003 0.37797577282721934 -1.5363769458413292 -0.02684145337680444 -0.10831166127610087
decision_type=2 2 2 2 2 2 2 2 2 2 2 2 2 2
left_child=1 2 3 -1 12 8 7 13 -6 -4 -8 -12 -5 -2
right_child=6 -3 9 4 5 -7 10 -9 -10 -11 11 -13 -14 -15
leaf_value=45.647456105550134 23.856333414713514 69.832983398437506 40.41844482421876 5.4353629935172298 54.035427093505852 5.5794076748383361 -0.89378030275160558 77.464052327473965 18.198018932342531 4.5184079488118476 0.54233251299176899 46.691563924153662 0.1739505153277825 -0.79673010861432114
leaf_weight=2.9999999999999991 3.0000000000000027 2.9999999999999991 6.9999999999999982 124 4 39 2577 2.9999999999999991 4.9999999999999982 3 7 2.9999999999999982 203 27
leaf_count=3 3 3 7 124 4 39 2577 3 5 3 7 3 203 27
internal_value=-1.73509e-08 4.80039 4.29756 3.6269 3.29074 10.9318 -0.716394 8.55907 34.1258 29.6484 -0.834712 14.3871 2.1691 1.66858
internal_weight=3011 391 388 378 375 48 2620 33 9 10 2587 10 327 30
internal_count=3011 391 388 378 375 48 2620 33 9 10 2587 10 327 30
is_linear=0
shrinkage=0.05


Tree=4
num_leaves=15
num_cat=0
split_feature=0 4 33 6 14 43 36 2 17 49 28 18 15 47
split_gain=3.7733e+06 6.43823e+06 4.02039e+06 2.72716e+06 1.95754e+06 2.07784e+06 1.72574e+06 1.46983e+06 982565 841531 567428 864594 437332 403932
threshold=-1.600186837148154 0.060412511091216488 -0.066204537139711625 0.058928782738868313 -0.070889169393617543 0.095510361880105199 0.053161023919667837 131.50000000000003 -0.08486285808194699 0.11441813109879827 -0.11322813960679641 -1.0000000180025095e-35 0.25619052859041019 -0.042257763267928121
decision_type=2 2 2 2 2 2 2 2 2 2 2 2 2 2
left_child=9 2 -2 4 5 -4 8 12 -6 10 11 -1 -3 -12
right_child=1 7 3 -5 6 -7 -8 -9 -10 -11 13 -13 -14 -15
leaf_value=5.0568733692169197 61.289635213216151 58.88040364583334 4.9018861225673138 50.580441792805992 6.0605216247279472 47.103888244628905 31.024646434783939 10.674579302469891 -0.37231936964877815 -0.85159003977562975 7.8139433165391283 31.898915100097657 35.49954121907551 0.74091561910674331
leaf_weight=11.999999999999998 2.9999999999999991 5.9999999999999982 6.9999999999999982 2.9999999999999991 82 5 4.9999999999999991 2.9999999999999991 215 2512 24 3.9999999999999991 3 127
leaf_count=12 3 6 7 3 82 5 5 3 215 2512 24 4 3 127
internal_value=-3.86569e-08 5.02797 3.67963 3.13442 2.68111 22.4861 1.89416 40.9837 1.40375 -0.6231 2.81383 11.7674 51.0868 1.86511
internal_weight=3011 332 320 317 314 12 302 12 297 2679 167 16 9 151
internal_count=3011 332 320 317 314 12 302 12 297 2679 167 16 9 151
is_linear=0
shrinkage=0.05


Tree=5
num_leaves=15
num_cat=0
split_feature=14 2 49 11 31 33 13 43 7 12 12 33 16 0
split_gain=3.43564e+06 5.47927e+06 2.29729e+06 4.36635e+06 2.17485e+06 1.2938e+06 1.16822e+06 886165 796714 2.17766e+06 760100 693289 460225 429801
threshold=-0.070889169393617543 95.500000000000014 0.12432888539209512 0.18011301201819421 -0.084569985101946951 -0.09214577447129943 0.0944912948023411 0.19779984960720554 0.29843938832484834 -0.19073437245208599 0.10952930095845158 0.025574006143782368 0.14463649690520206 -1.8509400471442354
decision_type=2 2 2 2 2 2 2 2 2 2 2 2 2 2
left_child=1 4 3 5 -1 -2 12 11 10 -10 -4 -7 -6 -13
right_child=2 -3 8 -5 6 7 -8 -9 9 -11 -12 13 -14 -15
leaf_value=-1.3529721260070802 28.227783203125 2.2736714778802334 -0.84347767538937257 63.535646565755215 43.879062906901055 -0.10385264491442568 68.359277343750009 23.521303634643559 -0.95254182815551758 48.999807834625244 24.338966973622643 -0.36539529653695912 19.894045893351233 5.5030931542364838
leaf_weight=2.9999999999999991 4.9999999999999991 39 2573 2.9999999999999991 5.9999999999999982 161 3.9999999999999991 4.9999999999999991 7.9999999999999991 2.9999999999999991 2.9999999999999991 39 3 156
leaf_count=3 5 39 2573 3 6 161 4 5 8 3 3 39 3 156
internal_value=1.3394e-08 12.382 -0.230382 3.46034 37.0209 2.96792 45.8764 2.61806 -0.756812 12.6708 -0.81415 2.32447 35.8841 4.3294
internal_weight=3011 55 2956 369 16 366 13 361 2587 11 2576 356 9 195
internal_count=3011 55 2956 369 16 366 13 361 2587 11 2576 356 9 195
is_linear=0
shrinkage=0.05


Tree=6
num_leaves=15
num_cat=0
split_feature=0 4 33 15 26 49 2 29 49 17 28 18 10 24
split_gain=3.10463e+06 5.4276e+06 3.3466e+06 2.36887e+06 1.76642e+06 1.98214e+06 1.21905e+06 695143 687174 639477 490945 745686 455662 358976
threshold=-1.600186837148154 0.060412511091216488 -0.066204537139711625 0.3615133633692687 0.058925831510930123 0.28274575743923536 131.50000000000003 -0.11858638938565695 0.11441813109879827 -1.0000000180025095e-35 -0.11322813960679641 -1.0000000180025095e-35 0.0835149833117695 -0.099885985605764407
decision_type=2 2 2 2 2 2 2 2 2 2 2 2 2 2
left_child=8 2 -2 4 7 12 -3 -4 10 -9 11 -1 -6 -11
right_child=1 6 3 -5 5 -7 -8 9 -10 13 -12 -13 -14 -15
leaf_value=4.6368697106838228 55.884052530924478 46.774948459201397 22.325164794921875 41.059670829772955 55.172210693359389 -1.2325192832946776 9.9714717864990234 5.0388605227073038 -0.77167454456827445 14.72879912853241 1.6580954488144806 29.564869689941407 27.61434733072916 -0.39183291367122108
leaf_weight=11.999999999999998 2.9999999999999991 8.9999999999999982 3.9999999999999991 3.9999999999999991 2.9999999999999982 5 2.9999999999999991 84 2512 3.9999999999999991 151 3.9999999999999991 3 210
leaf_count=12 3 9 4 4 3 5 3 84 2512 4 151 4 3 210
internal_value=-9.99877e-09 4.56076 3.32276 2.82533 2.33672 22.0179 37.5741 1.61985 -0.5652 1.34193 2.54056 10.8689 41.3933 -0.109204
internal_weight=3011 332 320 317 313 11 12 302 2679 298 167 16 6 214
internal_count=3011 332 320 317 313 11 12 302 2679 298 167 16 6 214
is_linear=0
shrinkage=0.05


Tree=7
num_leaves=15
num_cat=0
split_feature=14 2 41 49 11 33 33 7 27 0 2 49 12 2
split_gain=2.90949e+06 3.6526e+06 2.22055e+06 1.93433e+06 3.65057e+06 1.08902e+06 748819 916312 677404 1.27266e+06 581164 521257 479454 490935
threshold=-0.08200549405326156 95.500000000000014 -1.0000000180025095e-35 0.12432888539209512 0.18011301201819421 -0.09214577447129943 0.025574006143782368 0.22948967799066827 0.37797577282721934 -1.5363769458413292 88.500000000000014 0.18885959762867918 0.057804712728974729 221.00000000000003
decision_type=2 2 2 2 2 2 2 2 2 2 2 2 2 2
left_child=1 2 -1 4 5 -2 -7 12 -5 -10 -9 -4 -8 -14
right_child=3 -3 11 8 -6 6 7 10 9 -11 -12 -13 13 -15
leaf_value=10.85786240895589 25.912162475585941 2.9218671441078188 41.210367126464853 -0.72288867681123303 58.115372721354163 -0.12883581841214103 3.3151367569805452 38.42028299967447 0.63855299268450061 39.562532043457047 10.583523712158202 67.573398844401027 31.974136352539062 3.3695023536682123
leaf_weight=6 4.9999999999999991 30 4.9999999999999982 2585 2.9999999999999991 161 189 3 7 2.9999999999999982 5 3 2.9999999999999991 3
leaf_count=6 5 30 5 2585 3 161 189 3 7 3 5 3 3 3
internal_value=1.75988e-08 12.7631 33.8514 -0.189274 3.18262 2.73601 2.41766 4.43729 -0.672643 12.3157 21.0223 51.0965 3.75688 17.6718
internal_weight=3011 44 14 2967 372 369 364 203 2595 10 8 8 195 6
internal_count=3011 44 14 2967 372 369 364 203 2595 10 8 8 195 6
is_linear=0
shrinkage=0.05


Tree=8
num_leaves=15
num_cat=0
split_feature=14 2 31 49 11 33 13 36 7 13 17 6 12 14
split_gain=2.63205e+06 4.18093e+06 1.72228e+06 1.70382e+06 2.36961e+06 989985 940244 729446 649234 1.86304e+06 639083 788359 580131 563389
threshold=-0.070889169393617543 95.500000000000014 -0.084569985101946951 0.13308662598568158 0.18011301201819421 -0.09214577447129943 0.0944912948023411 0.053161023919667837 0.29843938832484834 0.10693018684538676 -1.0000000180025095e-35 -0.098592826274913656 0.10952930095845158 0.030729418598470594
decision_type=2 2 2 2 2 2 2 2 2 2 2 2 2 2
left_child=1 2 -1 4 5 -2 -4 10 12 -10 11 -7 -5 -9
right_child=3 -3 6 8 -6 7 -8 13 9 -11 -12 -13 -14 -15
leaf_value=-1.7882829030354817 24.616553497314456 2.0077540868367905 31.27626084221734 -0.74040974066836318 41.204540681838992 30.733545430501302 60.41096649169922 27.019512634277348 45.060819975535082 -1.1423887610435486 0.60834022146814015 4.6430970059819971 21.259778213500979 5.6243307590484619
leaf_weight=2.9999999999999991 4.9999999999999991 39 8.9999999999999982 2562 3.9999999999999991 2.9999999999999991 3.9999999999999991 4.9999999999999991 2.9999999999999991 7.9999999999999991 272 83 2.9999999999999991 7.9999999999999991
leaf_count=3 5 39 9 2562 4 3 4 5 3 8 272 83 3 8
internal_value=2.34459e-08 10.8376 32.3603 -0.201647 2.92379 2.51655 40.2408 2.2187 -0.662697 11.4585 1.79622 5.55323 -0.714679 13.8532
internal_weight=3011 55 16 2956 380 376 13 371 2576 11 358 86 2565 13
internal_count=3011 55 16 2956 380 376 13 371 2576 11 358 86 2565 13
is_linear=0
shrinkage=0.05


Tree=9
num_leaves=15
num_cat=0
split_feature=14 2 41 49 11 28 16 37 18 7 11 31 12 49
split_gain=2.37824e+06 2.9631e+06 1.84432e+06 1.58124e+06 3.05737e+06 887989 1.78976e+06 678856 704863 583739 1.76349e+06 565674 522467 427673
threshold=-0.08200549405326156 95.500000000000014 -1.0000000180025095e-35 0.12432888539209512 0.18011301201819421 -0.056154528517303813 0.093211406442761005 -0.13358830980364439 -0.12639664002661355 0.29843938832484834 0.053500060730668146 -0.33096902111403798 0.10952930095845158 0.18885959762867918
decision_type=2 2 2 2 2 2 2 2 2 2 2 2 2 2
left_child=1 2 -1 4 5 6 -2 8 -7 12 -11 -9 -5 -4
right_child=3 -3 13 9 -6 7 -8 11 -10 10 -12 -13 -14 -15
leaf_value=9.5777698198954262 5.9715342927623443 2.675386085510254 37.294688415527354 -0.68132341370846783 53.149375406901044 3.0328199318477083 41.178450012207037 4.7918098533153533 27.612648925781254 -1.3740394115448 43.577833414077752 -0.073332586417258802 20.196789741516113 61.174179077148416
leaf_weight=6 37 30 4.9999999999999982 2581 2.9999999999999991 7 3.9999999999999991 80 4.9999999999999982 7.9999999999999982 3 236 2.9999999999999991 3
leaf_count=6 37 30 5 2581 3 7 4 80 5 8 3 236 3 3
internal_value=-6.20692e-09 11.5392 30.533 -0.171124 2.87753 2.46881 9.40636 1.60162 13.2744 -0.608156 10.8856 1.15835 -0.657084 46.2495
internal_weight=3011 44 14 2967 372 369 41 328 12 2595 11 316 2584 8
internal_count=3011 44 14 2967 372 369 41 328 12 2595 11 316 2584 8
is_linear=0
shrinkage=0.05


Tree=10
num_leaves=15
num_cat=0
split_feature=0 26 49 14 10 24 4 0 25 38 8 28 35 24
split_gain=2.16436e+06 3.33928e+06 2.44812e+06 1.75534e+06 1.60057e+06 999015 932504 1.17849e+06 944096 528281 505337 505502 416961 801708
threshold=-1.6331892120286182 0.058925831510930123 0.23429305412953608 -0.059742494441327093 -0.068538994000929623 -1.0000000180025095e-35 0.060412511091216488 -1.5700606904878802 0.22226511398645682 -1.0000000180025095e-35 0.09421697770530324 -0.10783311492142042 0.055048377817464203 -0.17332713445588468
decision_type=2 2 2 2 2 2 2 2 2 2 2 2 2 2
left_child=12 3 9 4 -2 -6 8 -8 10 -3 -5 -12 -1 -14
right_child=1 2 -4 6 5 -7 7 -9 -10 -11 11 -13 13 -15
leaf_value=-0.62669234883353808 51.315316772460882 32.562393188476555 1.4475328309195383 -0.47590225206167214 28.990404052734362 1.1154689762327408 -2.6376078128814693 33.773924865722663 25.424337959289552 57.165675862630181 23.880636469523111 3.0879245851237918 28.209060907363892 1.9343580590354073
leaf_weight=2542 3.0000000000000027 8 6.9999999999999991 211 5.0000000000000009 8.9999999999999964 4 4.9999999999999982 3.9999999999999991 3.0000000000000009 2.9999999999999991 114 2.9999999999999991 90
leaf_count=2542 3 8 7 211 5 9 4 5 4 3 3 114 3 90
internal_value=1.10998e-08 3.54876 24.5627 2.49219 18.1728 11.0708 1.71046 17.591 1.27996 39.2724 0.985518 3.62107 -0.506388 2.78193
internal_weight=3011 376 18 358 17 14 341 9 332 11 328 117 2635 93
internal_count=3011 376 18 358 17 14 341 9 332 11 328 117 2635 93
is_linear=0
shrinkage=0.05


Tree=11
num_leaves=15
num_cat=0
split_feature=14 2 31 49 11 32 16 26 27 0 33 7 49 2
split_gain=1.98165e+06 3.13319e+06 1.35108e+06 1.29915e+06 2.60047e+06 821430 724675 590788 504614 927542 439083 381152 358129 348745
threshold=-0.070889169393617543 95.500000000000014 -0.084569985101946951 0.12432888539209512 0.18011301201819421 0.25633693975281285 0.14463649690520206 0.076594760949813226 0.37797577282721934 -1.5363769458413292 0.025574006143782368 0.25502854953653659 0.18885959762867918 177.50000000000003
decision_type=2 2 2 2 2 2 2 2 2 2 2 2 2 2
left_child=1 2 -1 4 5 7 12 10 -5 -10 -2 -12 -4 -9
right_child=3 -3 6 8 -6 -7 -8 13 9 -11 11 -13 -14 -15
leaf_value=-2.2100290934244793 -0.19932217187719581 1.7598854098564543 35.286701747349341 -0.61434692342844777 48.962562052408856 28.276448313395186 13.462137921651205 26.055161285400391 0.67030598776681083 33.90006256103517 2.9309752776188418 15.732616996765138 55.934808349609369 3.5033107757568356
leaf_weight=2.9999999999999991 162 39 6.9999999999999982 2577 2.9999999999999991 2.9999999999999991 2.9999999999999991 3.9999999999999991 7 2.9999999999999982 188 5.9999999999999991 3 3
leaf_count=3 162 39 7 2577 3 3 3 4 7 3 188 6 3 3
internal_value=-8.77887e-09 9.40369 28.0355 -0.174967 2.60048 2.22046 35.0152 2.00512 -0.570846 10.6392 1.72227 3.3269 41.4811 16.3901
internal_weight=3011 55 16 2956 369 366 13 363 2587 10 356 194 10 7
internal_count=3011 55 16 2956 369 366 13 363 2587 10 356 194 10 7
is_linear=0
shrinkage=0.05


Tree=12
num_leaves=15
num_cat=0
split_feature=0 26 49 14 10 24 4 0 25 38 33 17 35 2
split_gain=1.79485e+06 2.81111e+06 2.08684e+06 1.42122e+06 1.3049e+06 836212 776899 993508 808515 515157 425998 449503 346878 669491
threshold=-1.6331892120286182 0.058925831510930123 0.23429305412953608 -0.059742494441327093 -0.068538994000929623 -1.0000000180025095e-35 0.060412511091216488 -1.5700606904878802 0.22226511398645682 -1.0000000180025095e-35 -0.066204537139711625 -1.0000000180025095e-35 0.055048377817464203 58.500000000000007
decision_type=2 2 2 2 2 2 2 2 2 2 2 2 2 2
left_child=12 3 9 4 -2 -6 8 -8 10 -3 -5 -12 -1 -14
right_child=1 2 -4 6 5 -7 7 -9 -10 -11 11 -13 13 -15
leaf_value=-0.57086869015125374 46.296945190429632 29.467098045349118 1.1707397460937501 19.64844722747803 26.353805236816399 0.85111750364303607 -2.5193265914916987 30.912639770507823 23.509435510635377 53.762871297200491 3.8699443588421367 -0.37751903444899565 25.774130280812582 1.7635906455251906
leaf_weight=2542 3.0000000000000027 8 6.9999999999999991 2.9999999999999991 5.0000000000000009 8.9999999999999964 4 4.9999999999999982 3.9999999999999991 3.0000000000000009 84 241 2.9999999999999991 90
leaf_count=2542 3 8 7 3 5 9 4 5 4 3 84 241 3 90
internal_value=1.6404e-08 3.23166 22.5123 2.26224 16.3718 9.95922 1.55883 16.054 1.16589 36.0932 0.89341 0.720287 -0.46114 2.53812
internal_weight=3011 376 18 358 17 14 341 9 332 11 328 325 2635 93
internal_count=3011 376 18 358 17 14 341 9 332 11 328 325 2635 93
is_linear=0
shrinkage=0.05


Tree=13
num_leaves=15
num_cat=0
split_feature=14 2 31 49 11 32 13 18 0 28 31 7 5 12
split_gain=1.64748e+06 2.58813e+06 1.12765e+06 1.08755e+06 2.20965e+06 725216 621601 513663 817191 433992 424256 422021 1.35303e+06 360957
threshold=-0.070889169393617543 95.500000000000014 -0.084569985101946951 0.12432888539209512 0.18011301201819421 0.25633693975281285 0.0944912948023411 -0.071711601205623407 -1.495901100746168 -0.079493160939528892 -0.33096902111403798 0.29843938832484834 -1.0000000180025095e-35 0.10952930095845158
decision_type=2 2 2 2 2 2 2 2 2 2 2 2 2 2
left_child=1 2 -1 4 5 7 -4 8 -2 -9 -11 13 -13 -5
right_child=3 -3 6 11 -6 -7 -8 9 -10 10 -12 12 -14 -15
leaf_value=-2.1237107276916505 4.2360533337295054 1.6270428246412523 24.595679961310495 -0.58368275433350203 45.116280110677081 26.512052154541017 48.284664154052734 17.30739507675171 25.275187225341796 3.859618152131008 -0.42512400793474775 37.886887137095123 -1.4874929606914522 16.769939931233726
leaf_weight=2.9999999999999991 60 39 8.9999999999999982 2573 2.9999999999999991 2.9999999999999991 3.9999999999999991 3.9999999999999991 4.9999999999999991 79 215 3 7.9999999999999982 2.9999999999999991
leaf_count=3 60 39 9 2573 3 3 4 4 5 79 215 3 8 3
internal_value=3.46424e-09 8.57424 25.508 -0.159534 2.37984 2.02954 31.8846 1.82721 5.85445 0.948784 0.726218 -0.521741 9.25097 -0.563473
internal_weight=3011 55 16 2956 369 366 13 363 65 298 294 2587 11 2576
internal_count=3011 55 16 2956 369 366 13 363 65 298 294 2587 11 2576
is_linear=0
shrinkage=0.05


Tree=14
num_leaves=15
num_cat=0
split_feature=14 2 31 49 11 32 16 36 14 27 0 17 6 35
split_gain=1.48685e+06 2.33579e+06 1.0177e+06 983028 1.38286e+06 655305 573583 460108 399316 395523 716937 366441 513528 283328
threshold=-0.070889169393617543 95.500000000000014 -0.084569985101946951 0.13308662598568158 0.18011301201819421 0.25633693975281285 0.14463649690520206 0.053161023919667837 0.030729418598470594 0.37797577282721934 -1.5363769458413292 -1.0000000180025095e-35 -0.098592826274913656 0.020585535208807012
decision_type=2 2 2 2 2 2 2 2 2 2 2 2 2 2
left_child=1 2 -1 4 5 7 -4 11 -9 -5 -11 12 -2 -13
right_child=3 -3 6 9 -6 -7 -8 8 -10 10 -12 13 -14 -15
leaf_value=-2.0175251960754395 24.575304158528649 1.5456907276159679 36.04287551879883 -0.54043754578008385 31.466095352172854 25.186448923746745 11.115346355239552 24.254866790771487 4.9065251350402832 0.65840674809047151 29.873069763183608 -0.10974305476603648 3.5180481677134354 4.6483292958802656
leaf_weight=2.9999999999999991 2.9999999999999991 39 9.9999999999999982 2566 3.9999999999999991 2.9999999999999991 2.9999999999999991 3.9999999999999991 7.9999999999999991 7 2.9999999999999982 239 83 36
leaf_count=3 3 39 10 2566 4 3 3 4 8 7 3 239 83 36
internal_value=1.41079e-08 8.14553 24.2326 -0.151558 2.22245 1.91135 30.2904 1.72415 11.356 -0.50176 9.42281 1.40398 4.2526 0.513132
internal_weight=3011 55 16 2956 380 376 13 373 12 2576 10 361 86 275
internal_count=3011 55 16 2956 380 376 13 373 12 2576 10 361 86 275
is_linear=0
shrinkage=0.05


Tree=15
num_leaves=15
num_cat=0
split_feature=0 26 49 14 10 24 4 0 25 38 28 17 35 24
split_gain=1.34764e+06 2.23479e+06 1.67893e+06 1.03857e+06 997431 631150 589868 771986 644401 470125 351278 336230 262768 525712
threshold=-1.6331892120286182 0.058925831510930123 0.23429305412953608 -0.059742494441327093 -0.068538994000929623 -1.0000000180025095e-35 0.060412511091216488 -1.5700606904878802 0.22226511398645682 -1.0000000180025095e-35 -0.18848622474166535 -0.08486285808194699 0.055048377817464203 -0.17332713445588468
decision_type=2 2 2 2 2 2 2 2 2 2 2 2 2 2
left_child=12 3 9 4 -2 -6 8 -8 10 -3 -5 -12 -1 -14
right_child=1 2 -4 6 5 -7 7 -9 -10 -11 11 -13 13 -15
leaf_value=-0.49508517410790803 40.160536702473912 25.842877578735347 0.84876602717808314 17.779940652847291 22.634199218749995 0.4780584600236682 -2.40722324848175 27.062830505371096 20.939603996276858 49.052460734049454 3.3829947185737121 -0.33485805979761923 22.801164627075195 1.5245040771696303
leaf_weight=2542 3.0000000000000027 8 6.9999999999999991 2.9999999999999991 5.0000000000000009 8.9999999999999964 4 4.9999999999999982 3.9999999999999991 3.0000000000000009 81 244 2.9999999999999991 90
leaf_count=2542 3 8 7 3 5 9 4 5 4 3 81 244 3 90
internal_value=-1.70381e-08 2.80026 19.9912 1.93591 13.9974 8.39097 1.33461 13.965 0.992215 32.1728 0.748954 0.591745 -0.399582 2.21085
internal_weight=3011 376 18 358 17 14 341 9 332 11 328 325 2635 93
internal_count=3011 376 18 358 17 14 341 9 332 11 328 325 2635 93
is_linear=0
shrinkage=0.05


Tree=16
num_leaves=15
num_cat=0
split_feature=49 39 2 15 33 27 5 14 16 35 14 7 24 28
split_gain=1.24405e+06 1.15975e+06 1.04468e+06 859885 468928 2.0487e+06 2.45747e+06 459816 408082 312190 291125 734592 290076 257750
threshold=0.13308662598568158 -0.070484040750911428 149.50000000000003 0.30592225456330485 1.0000000180025095e-35 0.18869002765589149 -0.039253573391009294 -0.042186511544062465 -1.0000000180025095e-35 -0.30456873739200907 -0.13763447293215839 0.098113882189197893 -1.0000000180025095e-35 0.2625054915335977
decision_type=2 2 2 2 2 2 2 2 2 2 2 2 2 2
left_child=1 2 -1 7 5 -2 -7 8 -3 -9 11 -6 -8 -12
right_child=4 3 -4 -5 10 6 12 9 -10 -11 13 -13 -14 -15
leaf_value=30.26382500784738 -0.67926886125044394 4.2865638213999118 4.5094620969560415 22.640728378295901 -0.30598524808883676 48.849294738769537 17.824749755859376 15.21149606704712 18.63074645314898 1.1643071579604836 -0.56783229105537769 28.706433614095047 -1.2171931743621827 10.795714340209962
leaf_weight=6.9999999999999991 55 17.000000000000004 8.9999999999999982 4.9999999999999991 7.9999999999999982 4.9999999999999991 2.9999999999999991 3.9999999999999991 6.9999999999999991 354 2523 3 5.9999999999999991 4.9999999999999991
leaf_count=7 55 17 9 5 8 5 3 4 7 354 2523 3 6 5
internal_value=3.03368e-10 2.58544 15.777 2.04005 -0.399514 3.6675 20.7441 1.77041 8.47028 1.32126 -0.51004 7.60649 5.13012 -0.545357
internal_weight=3011 403 16 387 2608 69 14 382 24 358 2539 11 9 2528
internal_count=3011 403 16 387 2608 69 14 382 24 358 2539 11 9 2528
is_linear=0
shrinkage=0.05


Tree=17
num_leaves=15
num_cat=0
split_feature=49 11 14 28 16 16 33 27 5 37 0 31 14 9
split_gain=1.12276e+06 1.048e+06 764839 546458 1.13567e+06 532511 423208 1.84895e+06 2.21787e+06 352065 329952 324644 262740 690980
threshold=0.13308662598568158 0.18011301201819421 -0.08200549405326156 -0.056154528517303813 0.093211406442761005 -1.0000000180025095e-35 1.0000000180025095e-35 0.18869002765589149 -0.039253573391009294 -0.13358830980364439 -1.5363769458413292 -0.33096902111403798 -0.13763447293215839 -1.0000000180025095e-35
decision_type=2 2 2 2 2 2 2 2 2 2 2 2 2 2
left_child=1 2 5 4 -4 -1 7 -2 -9 10 -5 -11 13 -8
right_child=6 -3 3 9 -6 -7 12 8 -10 11 -12 -13 -14 -15
leaf_value=4.3506484194235355 -0.64530541680075915 27.921753311157229 4.4084454737211534 4.7327813529968266 32.417496109008788 20.750192038218181 -0.44783744812011722 46.406831054687501 4.8736153655582006 3.4681079170107845 23.639087931315103 -0.20222972953905827 -0.51808908859008473 27.690182908376059
leaf_weight=11.000000000000002 55 3.9999999999999991 38 9.9999999999999982 3.9999999999999991 8.9999999999999982 7.9999999999999991 4.9999999999999991 8.9999999999999982 80 2.9999999999999991 244 2528 2.9999999999999991
leaf_count=11 55 4 38 10 4 9 8 5 9 80 3 244 2528 3
internal_value=-9.25248e-09 2.45617 2.20088 1.698 7.07597 11.7304 -0.379539 3.48413 19.7069 1.02774 9.09578 0.704026 -0.484538 7.22617
internal_weight=3011 403 399 379 42 20 2608 69 14 337 13 324 2539 11
internal_count=3011 403 399 379 42 20 2608 69 14 337 13 324 2539 11
is_linear=0
shrinkage=0.05


Tree=18
num_leaves=15
num_cat=0
split_feature=0 26 49 4 0 25 2 34 20 49 17 35 8 8
split_gain=1.02545e+06 1.77993e+06 1.34414e+06 772054 662311 599736 1.2652e+06 699666 1.12104e+06 431677 287112 208380 397645 614565
threshold=-1.6331892120286182 0.058925831510930123 0.23429305412953608 0.060412511091216488 -1.5700606904878802 0.15919461962570711 56.500000000000007 0.096932251976375755 0.079555803108759884 0.20049522319386939 -0.08486285808194699 0.055048377817464203 0.078730151911844418 0.10420423989742145
decision_type=2 2 2 2 2 2 2 2 2 2 2 2 2 2
left_child=11 3 9 5 -5 7 -7 10 -9 -3 -2 -1 -13 -14
right_child=1 2 -4 4 -6 6 -8 8 -10 -11 -12 12 13 -15
leaf_value=-0.43360613554505084 2.9867555702174151 22.618755149841299 0.65686204092843203 0.24068609237670896 24.06703981672015 40.060109456380211 3.7569325243433322 39.501910909016942 2.0679052829742428 44.859041341145833 -0.45414835771089773 0.65810996089130647 29.934828694661459 4.1321477031707765
leaf_weight=2542 81 8.0000000000000018 6.9999999999999991 5 6.9999999999999982 2.9999999999999991 11.999999999999998 2.9999999999999982 6 2.9999999999999991 241 80 2.9999999999999991 9.9999999999999982
leaf_count=2542 81 8 7 5 7 3 12 3 6 3 241 80 3 10
internal_value=7.2551e-10 2.44269 17.7847 1.6713 14.1394 1.23888 11.0176 0.795742 14.5459 28.6843 0.411421 -0.348559 1.97607 10.0866
internal_weight=3011 376 18 358 12 346 15 331 9 11 322 2635 93 13
internal_count=3011 376 18 358 12 346 15 331 9 11 322 2635 93 13
is_linear=0
shrinkage=0.05


Tree=19
num_leaves=15
num_cat=0
split_feature=49 11 39 26 33 27 5 42 7 24 4 47 2 14
split_gain=937213 1.36076e+06 645753 663859 369652 1.60428e+06 1.93956e+06 359538 612716 250534 240247 243266 232548 225116
threshold=0.12432888539209512 0.18011301201819421 -0.12998043244309918 0.076594760949813226 1.0000000180025095e-35 0.18869002765589149 -0.039253573391009294 0.080944649096377566 0.25502854953653659 -1.0000000180025095e-35 -0.02684145337680444 -0.040503587215112553 177.50000000000003 -0.13763447293215839
decision_type=2 2 2 2 2 2 2 2 2 2 2 2 2 2
left_child=1 2 -1 7 5 -2 -7 10 -9 -8 -4 -12 -5 -6
right_child=4 -3 3 12 13 6 9 8 -10 -11 11 -13 -14 -15
leaf_value=25.131822204589845 -0.50708675300865846 35.828414408365887 2.677716621369806 19.549943760463172 6.392262140909831 43.351763916015628 16.309474436442056 3.9496575148776176 24.705767631530762 -1.387078873316447 7.98465575642056 -0.41950257664649326 2.9113594055175778 -0.47221373231757752
leaf_weight=2.9999999999999991 57 2.9999999999999991 131 6.9999999999999982 11.999999999999998 4.9999999999999991 2.9999999999999991 32 3.9999999999999991 5.9999999999999991 8.9999999999999982 199 3 2537
leaf_count=3 57 3 131 7 12 5 3 32 4 6 9 199 3 2537
internal_value=1.11746e-09 2.28347 2.02411 1.84405 -0.340778 3.21776 18.3832 1.505 6.25589 4.51177 1.00048 -0.0558611 14.5584 -0.439898
internal_weight=3011 391 388 385 2620 71 14 375 36 9 339 208 10 2549
internal_count=3011 391 388 385 2620 71 14 375 36 9 339 208 10 2549
is_linear=0
shrinkage=0.05


end of trees

feature_importances:
embedding_45=27
prompt_approx_tokens=24
a2_score=20
embedding_10=20
embedding_22=15
embedding_29=15
embedding_00=11
embedding_07=11
embedding_13=10
embedding_03=8
embedding_20=8
embedding_24=8
embedding_27=8
embedding_12=7
embedding_23=7
embedding_06=6
embedding_08=6
embedding_11=6
embedding_21=6
embedding_31=6
embedding_01=4
embedding_02=4
embedding_09=4
embedding_14=4
embedding_04=3
embedding_25=3
embedding_28=3
embedding_32=3
embedding_34=3
embedding_35=3
embedding_39=3
embedding_16=2
embedding_33=2
embedding_37=2
embedding_38=2
embedding_43=2
embedding_05=1
embedding_30=1
embedding_41=1
embedding_44=1

parameters:
[boosting: gbdt]
[objective: regression]
[metric: rmse]
[tree_learner: serial]
[device_type: cpu]
[data_sample_strategy: bagging]
[data: ]
[valid: ]
[num_iterations: 20]
[learning_rate: 0.05]
[num_leaves: 15]
[num_threads: 1]
[seed: 23]
[deterministic: 0]
[force_col_wise: 1]
[force_row_wise: 0]
[histogram_pool_size: -1]
[max_depth: -1]
[min_data_in_leaf: 3]
[min_sum_hessian_in_leaf: 0.001]
[bagging_fraction: 1]
[pos_bagging_fraction: 1]
[neg_bagging_fraction: 1]
[bagging_freq: 0]
[bagging_seed: 25556]
[bagging_by_query: 0]
[feature_fraction: 1]
[feature_fraction_bynode: 1]
[feature_fraction_seed: 31605]
[extra_trees: 0]
[extra_seed: 3808]
[early_stopping_round: 0]
[early_stopping_min_delta: 0]
[first_metric_only: 0]
[max_delta_step: 0]
[lambda_l1: 0]
[lambda_l2: 0]
[linear_lambda: 0]
[min_gain_to_split: 0]
[drop_rate: 0.1]
[max_drop: 50]
[skip_drop: 0.5]
[xgboost_dart_mode: 0]
[uniform_drop: 0]
[drop_seed: 6130]
[top_rate: 0.2]
[other_rate: 0.1]
[min_data_per_group: 100]
[max_cat_threshold: 32]
[cat_l2: 10]
[cat_smooth: 10]
[max_cat_to_onehot: 4]
[top_k: 20]
[monotone_constraints: ]
[monotone_constraints_method: basic]
[monotone_penalty: 0]
[feature_contri: ]
[forcedsplits_filename: ]
[refit_decay_rate: 0.9]
[cegb_tradeoff: 1]
[cegb_penalty_split: 0]
[cegb_penalty_feature_lazy: ]
[cegb_penalty_feature_coupled: ]
[path_smooth: 0]
[interaction_constraints: ]
[verbosity: -1]
[saved_feature_importance_type: 0]
[use_quantized_grad: 0]
[num_grad_quant_bins: 4]
[quant_train_renew_leaf: 0]
[stochastic_rounding: 1]
[linear_tree: 0]
[max_bin: 255]
[max_bin_by_feature: ]
[min_data_in_bin: 3]
[bin_construct_sample_cnt: 200000]
[data_random_seed: 113]
[is_enable_sparse: 1]
[enable_bundle: 1]
[use_missing: 1]
[zero_as_missing: 0]
[feature_pre_filter: 1]
[pre_partition: 0]
[two_round: 0]
[header: 0]
[label_column: ]
[weight_column: ]
[group_column: ]
[ignore_column: ]
[categorical_feature: ]
[forcedbins_filename: ]
[precise_float_parser: 0]
[parser_config_file: ]
[objective_seed: 16714]
[num_class: 1]
[is_unbalance: 0]
[scale_pos_weight: 1]
[sigmoid: 1]
[boost_from_average: 1]
[reg_sqrt: 0]
[alpha: 0.9]
[fair_c: 1]
[poisson_max_delta_step: 0.7]
[tweedie_variance_power: 1.5]
[lambdarank_truncation_level: 30]
[lambdarank_norm: 1]
[label_gain: ]
[lambdarank_position_bias_regularization: 0]
[eval_at: ]
[multi_error_top_k: 1]
[auc_mu_weights: ]
[num_machines: 1]
[local_listen_port: 12400]
[time_out: 120]
[machine_list_filename: ]
[machines: ]
[gpu_platform_id: -1]
[gpu_device_id: -1]
[gpu_device_id_list: ]
[gpu_use_dp: 0]
[num_gpu: 1]

end of parameters

pandas_categorical:null
