tree
version=v4
num_class=1
num_tree_per_iteration=1
label_index=0
max_feature_idx=51
objective=binary sigmoid:1
feature_names=a2_score has_code_fence prompt_approx_tokens prompt_chars embedding_00 embedding_01 embedding_02 embedding_03 embedding_04 embedding_05 embedding_06 embedding_07 embedding_08 embedding_09 embedding_10 embedding_11 embedding_12 embedding_13 embedding_14 embedding_15 embedding_16 embedding_17 embedding_18 embedding_19 embedding_20 embedding_21 embedding_22 embedding_23 embedding_24 embedding_25 embedding_26 embedding_27 embedding_28 embedding_29 embedding_30 embedding_31 embedding_32 embedding_33 embedding_34 embedding_35 embedding_36 embedding_37 embedding_38 embedding_39 embedding_40 embedding_41 embedding_42 embedding_43 embedding_44 embedding_45 embedding_46 embedding_47
feature_infos=[-0.14680165494409264:-0.018811115751642959] none [8:965] [34:3860] [-0.41087217443874041:0.61782155193190347] [-0.48471791416315496:0.50738849249045237] [-0.58520573598065284:0.1637091018140116] [-0.457495710997814:0.48970210687439175] [-0.41646336503628284:0.36980013081681939] [-0.46164353574848277:0.27910827799011501] [-0.49030428616306426:0.35382651028683815] [-0.41130179815941625:0.42628184178677897] [-0.7761441759351253:0.25514595333753737] [-0.25087260300212721:0.56200266417119338] [-0.38669459561826541:0.57796492950336786] [-0.48622141449773226:0.48730810225589299] [-0.55001909821692674:0.39036002917941331] [-0.23408229439226114:0.70149986857704305] [-0.3596943895981084:0.42459591394742019] [-0.3481553119113957:0.47546492756792713] [-0.3245134270208202:0.52075564392329554] [-0.39082557499682519:0.32882426898275152] [-0.41281254969226883:0.45401858887714786] [-0.49763795114508702:0.41301708893558936] [-0.53839652650374503:0.42173074971558477] [-0.30845685446746224:0.51089105201080265] [-0.40388187304691769:0.36099410255771208] [-0.2290393337255473:0.6393508022779113] [-0.40927275453502904:0.33633639699815621] [-0.42444648726183282:0.25630729731502827] [-0.73874861306336814:0.21031022607861385] [-0.4681734716045628:0.40689422938557973] [-0.30599503068105227:0.41130179815941625] [-0.2520988421229669:0.59213690821293896] [-0.43249857361756672:0.4493247650413843] [-0.64379044019311227:0.34731435582359393] [-0.48314531438551706:0.27044936151312532] [-0.3576777653141881:0.55381861969499646] [-0.5121475197315839:0.33776026473659926] [-0.53951250094920478:0.43748483228844198] [-0.63167616570923679:0.68475227121768012] [-0.48949020986880254:0.48218561322280346] [-0.46114398896535042:0.38087317795088099] [-0.44766148103584524:0.36014120303280989] [-0.39773369280899523:0.42008402520840299] [-0.48434471241406046:0.48800932206302489] [-0.75925660236529657:0.33806170189140661] [-0.51314236049113426:0.3563249516154553] [-0.43560684186903209:0.43070552164653242] [-0.42111744380615784:0.62985816774525505] [-0.35666297896665838:0.37577968896651326] [-0.51047656089015592:0.41650600860529929]
tree_sizes=1718 1743 1744 1747 1740 1744 1748 1755 1745 1746 1740 1748 1756 1738 1754 1741 1740 1746 1751 1743 1741 1739 1752 1748 1741 1752 1735 1749 1733 1742

Tree=0
num_leaves=15
num_cat=0
split_feature=49 2 27 15 47 6 45 12 22 45 21 30 26 19
split_gain=151.857 22.9853 21.4525 19.046 18.4689 17.0712 16.8799 13.0009 15.7649 14.9094 12.9081 10.767 10.6074 12.1826
threshold=0.12432888539209512 491.50000000000006 0.098526479322119484 0.17383236532621846 -0.17677694817843134 -0.10330252222330401 0.027597462281939378 -0.2656661924307202 0.27437801151642388 -0.15430375493431778 -0.10615848003427884 -0.086916182663109201 0.049366465126816174 -1.0000000180025095e-35
decision_type=2 2 2 2 2 2 2 2 2 2 2 2 2 2
left_child=1 5 6 4 -4 -1 -2 8 9 -6 -11 -5 13 -9
right_child=2 -3 3 11 7 -7 -8 12 -10 10 -12 -13 -14 -15
leaf_value=-0.43586155151218459 -0.39906915735189075 -0.30412785248176522 -0.43274292065558057 -0.45401890481450324 -0.44030851290109912 -0.48313707747907553 -0.42488196768879699 -0.45692255347225785 -0.47631127499946058 -0.4245115562924564 -0.36830103707070788 -0.28097714021047848 -0.36163123457496138 -0.39870318377836722
leaf_weight=27.116995438933372 213.81630916893482 2.1597606986761084 19.437846288084984 14.158431246876715 8.1590959727764112 64.552847549319267 89.990029111504555 10.798803493380545 3.8395745754241934 10.798803493380545 188.37912760674953 0.95989364385604758 14.878351479768751 53.514070644974709
leaf_count=113 891 9 81 59 34 269 375 45 16 45 785 4 62 223
internal_value=-0.406019 -0.465354 -0.397164 -0.388233 -0.385559 -0.469152 -0.406715 -0.3824 -0.375921 -0.374062 -0.371349 -0.443032 -0.399677 -0.408479
internal_weight=722.56 93.8296 628.73 324.924 309.806 91.6698 303.806 290.368 211.177 207.337 199.178 15.1183 79.1912 64.3129
internal_count=3011 391 2620 1354 1291 382 1266 1210 880 864 830 63 330 268
is_linear=0
shrinkage=1


Tree=1
num_leaves=15
num_cat=0
split_feature=49 35 7 0 21 0 47 20 24 18 22 50 14 26
split_gain=138.665 21.0627 19.9091 17.012 14.2846 14.4992 13.9931 13.5073 12.6679 12.1747 12.0501 11.5599 11.787 11.9115
threshold=0.12432888539209512 -0.031084190040923224 -0.043937538921984473 -0.039323089766656834 -0.079391035102095983 -0.066179836061312045 -0.22619382674955141 0.085592206168713228 -0.111132854969252 -0.17079814174861219 0.28219938034970943 0.22847973300338381 0.28372335421635619 0.049366465126816174
decision_type=2 2 2 2 2 2 2 2 2 2 2 2 2 2
left_child=1 3 6 -1 -4 7 -2 -6 -8 -10 11 12 13 -11
right_child=2 -3 4 -5 5 -7 8 -9 9 10 -12 -13 -14 -15
leaf_value=-0.027697649777841667 -0.039340276049792122 -0.069543946643133431 -0.028239932993413569 0.12024886285003487 -0.031305103654345239 0.012979906839499232 -0.045882311784503978 0.022175598916555891 -0.051325819652201399 0.01811000646333848 -0.04310226475948839 -0.083758338865764823 -0.042156265605194976 0.041717070924913162
leaf_weight=17.573239982128147 11.486227467656134 72.863959908485413 46.305481314659119 2.1846028119325629 44.342776209115982 119.6532179415226 7.9350647479295722 16.090326800942421 6.240406021475791 294.93841031193733 7.6319555789232245 2.6463299691677085 7.2153173238039008 65.257231265306473
leaf_count=74 48 308 193 9 185 498 33 67 26 1226 32 11 30 271
internal_value=-6.30207e-06 -0.0571279 0.00839507 -0.0113394 -0.0034715 0.00289719 0.0150555 -0.0170659 0.0166499 0.0179424 0.0190869 0.0203694 0.0211194 0.0223869
internal_weight=722.365 92.6218 629.743 19.7578 226.392 180.086 403.351 60.4331 391.865 383.93 377.689 370.057 367.411 360.196
internal_count=3011 391 2620 83 943 750 1677 252 1629 1596 1570 1538 1527 1497
is_linear=0
shrinkage=0.05


Tree=2
num_leaves=15
num_cat=0
split_feature=49 35 27 15 13 45 47 0 16 13 13 35 36 34
split_gain=126.789 19.6602 18.8065 16.534 15.9335 16.4674 15.8649 15.1828 11.8279 14.084 12.9516 12.3805 13.2908 11.2434
threshold=0.12432888539209512 -0.031084190040923224 0.098526479322119484 0.17383236532621846 0.21879866152621155 -1.0000000180025095e-35 -0.17677694817843134 -0.039323089766656834 -0.04245259872603456 0.12005708135382044 0.1287429775905701 0.045549413578572694 -0.1385594573484652 -0.17053179067216073
decision_type=2 2 2 2 2 2 2 2 2 2 2 2 2 2
left_child=1 7 4 6 5 -2 -4 -1 9 -8 13 12 -11 -10
right_child=2 -3 3 -5 -6 -7 8 -9 10 11 -12 -13 -14 -15
leaf_value=-0.026485208994550105 0.0087159446775781513 -0.06724494020975734 -0.025157432430165313 -0.035052428393625504 0.021086224409648951 -0.017906126255949579 0.012388175321112728 0.11230580472074184 0.088681892019673081 0.049739280479380699 -0.015953227087777268 -0.036952811858845323 0.010363843215956218 0.012797320233143948
leaf_weight=17.461714446544651 98.89475491642952 71.618891954421997 19.291826605796814 14.960382938385008 64.435677066445351 140.77160313725471 92.781978487968445 2.2211135029792777 6.0488007515668896 97.293122097849846 38.086966708302498 5.3008666634559622 27.48511229455471 25.288914516568184
leaf_count=74 411 308 81 63 268 587 384 9 25 402 158 22 114 105
internal_value=-1.20252e-05 -0.0550816 0.00796074 0.0162933 -0.000986536 -0.00692092 0.0187586 -0.0108233 0.0216572 0.0272711 0.00363616 0.0378866 0.041066 0.0274445
internal_weight=721.942 91.3017 630.64 326.538 304.102 239.666 311.578 19.6828 292.286 222.861 69.4247 130.079 124.778 31.3377
internal_count=3011 391 2620 1354 1266 998 1291 83 1210 922 288 538 516 130
is_linear=0
shrinkage=0.05


Tree=3
num_leaves=15
num_cat=0
split_feature=49 49 12 14 18 50 27 20 6 0 15 26 40 39
split_gain=116.235 24.884 18.7951 18.6502 16.8872 16.8237 17.0607 16.2905 13.3196 11.8786 11.6822 11.1473 10.948 10.692
threshold=0.036916455896751778 0.23338200020064984 -0.35278712314896804 0.12478085819259528 -0.13348885209397121 0.22847973300338381 -0.03649061530802182 0.033671767716631849 -0.10330252222330401 -0.057665275375782872 -0.052270983678104711 0.081269628014431869 -0.17158864642096283 -1.0000000180025095e-35
decision_type=2 2 2 2 2 2 2 2 2 2 2 2 2 2
left_child=8 7 3 -3 -4 6 -6 9 -1 13 -5 -9 -12 -2
right_child=1 2 4 10 5 -7 -8 11 -10 -11 12 -13 -14 -15
leaf_value=-0.016881800864948501 0.040266149034624055 0.051430969263301776 -0.042745554848087168 -0.0046927398569370097 -0.033929859040841788 -0.081662412642751855 0.011289764281889767 -0.04227191016227147 -0.071841566948394553 0.031056433423063648 -0.066758208239886874 0.035891864308044877 0.037690188971737024 -0.038203630608549345
leaf_weight=13.693859264254568 5.7106450945138958 49.11914299428463 17.448746398091316 45.474105983972549 22.116623476147652 5.2180334180593482 366.68571782112122 48.945960462093353 56.544084936380386 22.89558544754982 2.6698458790779105 5.0301743000745764 41.596796974539757 18.100123628973961
leaf_count=59 24 203 73 188 92 22 1521 206 248 95 11 21 172 76
internal_value=-1.74243e-05 0.00657565 0.0107569 0.0266629 0.005389 0.00752059 0.00871749 -0.0162788 -0.0611264 0.00534211 0.0131062 -0.0349876 0.0313906 -0.0193839
internal_weight=721.249 651.012 550.329 138.86 411.469 394.02 388.802 100.682 70.2379 46.7064 89.7407 53.9761 44.2666 23.8108
internal_count=3011 2704 2282 574 1708 1635 1613 422 307 195 371 227 183 100
is_linear=0
shrinkage=0.05


Tree=4
num_leaves=15
num_cat=0
split_feature=49 49 12 14 2 46 18 50 27 34 6 15 47 21
split_gain=106.801 22.4756 16.8348 16.5733 15.736 15.755 15.3469 15.4439 15.4464 14.8482 12.6261 10.4689 10.4031 12.2964
threshold=0.036916455896751778 0.23338200020064984 -0.35278712314896804 0.12478085819259528 401.00000000000006 0.057928689257594985 -0.13348885209397121 0.22847973300338381 -0.03649061530802182 -0.15918761062504505 -0.10330252222330401 -0.052270983678104711 -0.21476461463116289 -0.08064810369752469
decision_type=2 2 2 2 2 2 2 2 2 2 2 2 2 2
left_child=10 4 3 -3 9 -6 -4 8 -8 -2 -1 -5 -10 -14
right_child=1 2 6 11 5 -7 7 -9 12 -11 -12 -13 13 -15
leaf_value=-0.016113104653344739 0.032265551649314106 0.04843569760157939 -0.040997618305294824 -0.0044619443668332528 0.067024946413795125 -0.082983501229202256 -0.032462531413427136 -0.07918222695346222 -0.029739212724083017 -0.030317334928960972 -0.069839742124487722 0.029657960426134833 -0.013488855398852388 0.015817121625021777
leaf_weight=13.631414562463759 10.790988385677336 49.5374755859375 17.287193551659584 45.43596126139164 9.4482875317335111 2.1483538895845404 21.964422315359116 5.1149974465370169 15.242179825901983 77.876998230814934 55.288425952196121 44.499710619449615 40.435945883393288 311.7706346064806
leaf_count=59 45 203 73 188 39 9 92 22 64 329 248 183 168 1289
internal_value=-2.3025e-05 0.00623799 0.0101984 0.0252122 -0.0155374 0.0392349 0.0051135 0.00713397 0.00826774 -0.0227009 -0.0592133 0.0124204 0.0107024 0.0124526
internal_weight=720.473 651.553 551.289 139.473 100.265 11.5966 411.815 394.528 389.413 88.668 68.9198 89.9357 367.449 352.207
internal_count=3011 2704 2282 574 422 48 1708 1635 1613 374 307 371 1521 1457
is_linear=0
shrinkage=0.05


Tree=5
num_leaves=15
num_cat=0
split_feature=49 49 12 14 20 18 50 27 6 0 9 39 48 24
split_gain=98.2525 20.3058 15.0998 15.2658 14.442 13.9529 14.2081 13.9885 12.0129 10.4878 10.3498 10.2093 10.048 14.6723
threshold=0.036916455896751778 0.23338200020064984 -0.35278712314896804 0.18993866720436589 0.033671767716631849 -0.13348885209397121 0.22847973300338381 -0.03649061530802182 -0.10330252222330401 -0.057665275375782872 -0.099333153924107451 0.097128788839898131 0.16402774949993881 -0.111132854969252
decision_type=2 2 2 2 2 2 2 2 2 2 2 2 2 2
left_child=8 4 3 -3 9 -4 7 -7 -1 11 -11 -2 13 -9
right_child=1 2 5 -5 -6 6 -8 12 -10 10 -12 -13 -14 -15
leaf_value=-0.015378063583815918 0.0040789444892454447 0.032441767157177774 -0.039338588745621406 -0.0079116043239163391 -0.032623673586859296 -0.031065545261563285 -0.076962986270862371 -0.049626900550197556 -0.068003882979101274 0.090501097918055176 0.011071963083323923 -0.067060761098948166 0.076830188989707907 0.010846703738113002
leaf_weight=13.570413172245024 16.322560295462612 110.21354864537716 17.119746059179306 29.766738533973694 53.234796389937401 21.808562055230141 5.0022139847278586 10.324137583374975 53.975312650203705 5.3439443707466152 17.635857626795769 7.2982691377401343 5.5639873892068854 352.21570149064064
leaf_count=59 69 451 73 123 227 92 22 43 248 22 73 31 23 1455
internal_value=-2.82251e-05 0.00591994 0.00967289 0.0238606 -0.0148311 0.0048529 0.00676862 0.00784282 -0.057431 0.00549451 0.0295432 -0.0179015 0.010148 0.00912458
internal_weight=719.396 651.85 552.015 139.98 99.8354 412.034 394.915 389.912 67.5457 46.6006 22.9798 23.6208 368.104 362.54
internal_count=3011 2704 2282 574 422 1708 1635 1613 307 195 95 100 1521 1498
is_linear=0
shrinkage=0.05


Tree=6
num_leaves=15
num_cat=0
split_feature=49 37 49 36 18 18 27 4 9 13 28 12 6 30
split_gain=90.4855 18.5799 15.3021 13.5329 13.0715 17.1792 16.6003 12.627 12.507 11.5229 14.3173 13.4551 11.466 11.3032
threshold=0.036916455896751778 0.046887165408536782 0.23053876267553444 -0.17187646622554978 0.046324185457145804 -0.028028241337826072 0.053376701149226942 -0.16791258717038932 -0.23014404186394852 0.21727245712323176 0.091176359668462645 -0.46094400587373963 -0.10330252222330401 -0.42693922371111886
decision_type=2 2 2 2 2 2 2 2 2 2 2 2 2 2
left_child=12 2 13 -3 5 -4 -7 -8 -5 10 11 -9 -1 -2
right_child=1 3 4 8 -6 6 7 9 -10 -11 -12 -13 -14 -15
leaf_value=-0.014675150298084215 0.031523788372091265 0.021518153573534968 0.015705601583989589 -0.084822135839070015 0.019986647365898752 -0.046910878000178152 0.089493721196368239 0.11285885584207343 0.0038688089799516928 0.029712904616373499 0.07168133848874253 -0.028840499838243123 -0.066312044109794244 -0.034616474835119336
leaf_weight=13.510945022106169 7.3921065777540198 210.32806803286076 63.319152727723122 4.1017427295446387 72.598687961697578 32.623076051473618 3.4076288342475882 1.7260073274373997 128.61944945156574 15.551553949713705 4.1256397664546958 57.024894461035728 52.619242072105408 51.211182236671448
leaf_count=59 31 866 263 17 300 136 14 7 535 64 17 235 248 219
internal_value=-3.29939e-05 0.00561918 -0.00327428 0.0136294 0.00210897 -0.00519169 -0.0167522 -0.00472968 0.00112782 -0.0088236 -0.018355 -0.0246776 -0.0557622 -0.0262737
internal_weight=718.159 652.029 308.98 343.049 250.377 177.778 114.459 81.8357 132.721 78.4281 62.8765 58.7509 66.1302 58.6033
internal_count=3011 2704 1286 1418 1036 736 473 337 552 323 259 242 307 250
is_linear=0
shrinkage=0.05


Tree=7
num_leaves=15
num_cat=0
split_feature=49 42 23 14 19 21 18 50 26 6 2 27 0 12
split_gain=83.408 16.9131 16.0768 16.0077 14.3909 13.3448 13.1866 12.8864 12.5538 10.9741 10.6883 12.6184 12.0415 10.7664
threshold=0.036916455896751778 -0.047781941656914372 0.045454618218989502 0.23724042364567194 -0.037216387333410213 -0.066500995812637062 -0.13348885209397121 0.065033382351555244 -1.0000000180025095e-35 -0.10330252222330401 175.50000000000003 -0.03649061530802182 -0.07576359850199324 -0.15760678852610363
decision_type=2 2 2 2 2 2 2 2 2 2 2 2 2 2
left_child=9 2 5 6 -5 -2 -3 -6 -9 -1 11 -8 -12 -14
right_child=1 3 -4 4 7 -7 10 8 -10 -11 12 -13 13 -15
leaf_value=-0.014002930953444232 -0.036291727248092272 -0.045181666854191921 0.024114333689207519 0.050535780272685973 -0.067629445430094706 0.0074282036429035737 -0.053807415822241383 0.090367499292655917 -0.061516394806662184 -0.064745746980624116 -0.032389026296163671 0.00059003685633195278 0.041616109625489658 -0.0061344499894401211
leaf_weight=13.453079625964163 19.937592372298241 14.777842521667479 168.36358390748501 4.0833855569362667 21.474163338541988 140.11265268921852 11.26766577363014 2.8718708455562592 2.5851170122623435 51.23282128572464 9.3532911837100965 197.91056773066521 43.409068822860718 16.213876411318779
leaf_count=59 83 64 692 17 91 579 48 12 11 248 40 819 180 68
internal_value=-3.74009e-05 0.00533244 0.0133283 -0.00277366 -0.0369321 0.00198198 0.000842899 -0.0501943 0.0184162 -0.0541925 0.0032881 -0.00234015 0.0203564 0.0286308
internal_weight=717.047 652.361 328.414 323.947 31.0145 160.05 292.932 26.9312 5.45699 64.6859 278.154 209.178 68.9762 59.6229
internal_count=3011 2704 1354 1350 131 662 1219 114 23 307 1155 867 288 248
is_linear=0
shrinkage=0.05


Tree=8
num_leaves=15
num_cat=0
split_feature=49 37 49 14 32 12 25 6 35 41 14 6 13 42
split_gain=76.9468 16.2653 13.3536 13.0113 15.8542 12.5014 12.0589 14.4568 12.8111 12.4759 11.8549 12.1063 11.7075 14.198
threshold=0.036916455896751778 0.046887165408536782 0.23053876267553444 0.19818992588811288 0.092587545420357645 -0.38302243450313495 0.05439300786482059 -0.31807087274489837 0.062545966931978711 -0.053605792733360406 0.13324699921792613 -0.23665637790612395 0.21727245712323176 -0.035050001698398822
decision_type=2 2 2 2 2 2 2 2 2 2 2 2 2 2
left_child=-1 2 -2 6 -5 10 8 -8 -3 -9 11 -4 -7 -14
right_child=1 3 5 4 -6 12 7 9 -10 -11 -12 -13 13 -15
leaf_value=-0.052709501110173307 -0.024884492741956695 0.012191277911082521 -0.045101452893188801 -0.044804644408263219 0.0089214823352495986 -0.0084227253271480403 -0.053023457511739605 0.057034431570745052 -0.083193391586852947 0.01705839378507577 -0.0013298659943612487 0.081155975673008307 0.03841933815536161 -0.018573966058173377
leaf_weight=63.223850518465042 58.040410503745079 193.43085914850235 2.2208177745342246 19.929545745253563 44.151841208338737 172.62487685680389 4.5940496772527686 41.506190717220306 3.5854606479406348 36.83969683945179 13.585854485630987 13.086819589138033 32.528393164277077 16.455414146184921
leaf_count=307 250 796 9 84 182 716 19 170 15 152 56 53 134 68
internal_value=-4.17607e-05 0.00506084 -0.00327461 0.0125363 -0.00778754 0.00173232 0.0171884 0.033182 0.0104554 0.038237 0.0326663 0.0628387 -0.00230088 0.0192732
internal_weight=715.804 652.58 308.543 344.038 64.0814 250.502 279.956 82.9399 197.016 78.3459 28.8935 15.3076 221.609 48.9838
internal_count=3011 2704 1286 1418 266 1036 1152 341 811 322 118 62 918 202
is_linear=0
shrinkage=0.05


Tree=9
num_leaves=15
num_cat=0
split_feature=49 36 2 18 28 16 44 32 24 22 13 47 42 45
split_gain=70.9441 15.1259 17.964 15.0364 13.6155 12.3818 19.7549 14.2818 14.0125 14.2075 13.5709 13.389 13.6782 11.8779
threshold=0.036916455896751778 -0.084427528683326356 406.50000000000006 -0.19351925878813273 0.15430375493431783 -0.04445548755871561 -0.046830050687213805 0.039811771308605991 0.10982635557432079 0.18089652970255601 0.13272842444056857 0.14244577542918196 -0.056088399495646708 -0.060634213594979468
decision_type=2 2 2 2 2 2 2 2 2 2 2 2 2 2
left_child=-1 3 4 -2 -3 6 -5 -8 11 -10 13 12 -7 -9
right_child=1 2 -4 5 -6 8 7 10 9 -11 -12 -13 -14 -15
leaf_value=-0.05123474003073452 -0.064070583812044266 -0.023904652961735141 0.037740909420367036 0.052412580134788458 0.10358161738808647 0.0067335315356872247 -0.015671572909646294 0.0309994178443775 0.055089794252117269 -0.065778071612567629 0.02420259766069106 0.067152508011397147 -0.026387246961429189 -0.0039998121431620666
leaf_weight=61.827280908823013 7.1116323173046103 88.737299337983131 15.254207462072371 30.590738907456398 2.1449571549892417 54.847786322236061 45.345820784568787 30.633768051862717 16.261791154742244 2.8586872518062583 164.9363217651844 5.563901647925376 72.215502604842186 116.17929583787918
leaf_count=307 31 375 63 126 9 226 190 126 67 12 676 23 302 478
internal_value=-4.47561e-05 0.00480437 -0.0124684 0.00815866 -0.0208958 0.00911089 0.0138502 0.0105467 -0.00299708 0.0370189 0.0143603 -0.00876607 -0.0120904 0.00330307
internal_weight=714.509 652.682 106.136 546.545 90.8823 539.434 387.686 357.095 151.748 19.1205 311.749 132.627 127.063 146.813
internal_count=3011 2704 447 2257 384 2226 1596 1470 630 79 1280 551 528 604
is_linear=0
shrinkage=0.05


Tree=10
num_leaves=15
num_cat=0
split_feature=49 35 21 5 24 47 37 45 31 29 2 45 48 43
split_gain=65.4447 16.4638 12.3606 25.0421 15.1379 13.223 13.6681 11.6081 11.3186 10.4708 12.1807 10.2849 10.2717 12.4089
threshold=0.12432888539209512 -0.052262025541224263 -0.063316018754892747 0.10341781525728201 -0.111132854969252 -0.21476461463116289 0.032207844316918997 -0.046028808372789706 0.052333434122140941 0.1123533516856038 200.50000000000003 0.058310879424735361 0.092702704920935824 0.085621710449806029
decision_type=2 2 2 2 2 2 2 2 2 2 2 2 2 2
left_child=1 -1 3 7 -4 -6 11 8 -2 10 -8 12 -7 -14
right_child=2 -3 4 -5 5 6 9 -9 -10 -11 -12 -13 13 -15
leaf_value=0.0019286923882335201 0.02196107477568035 -0.054436649987129097 -0.036920584096490447 0.063164710446594927 -0.028519064794546252 0.0085408294771093501 0.016045318737056915 -0.033285174440411971 -0.052964936477449466 -0.0258517613941142 0.048362547834278985 -0.032961865009407017 -0.057078911593771146 0.087587757082635984
leaf_weight=16.305810838937759 22.913243219256405 63.04782834649086 17.922862112522125 10.118225425481794 21.561931625008583 142.09688292443752 276.95603758096695 56.378449097275734 6.46193803846836 13.305013298988341 32.587770834565163 20.580924287438393 11.233368024230002 1.7076371312141407
leaf_count=74 95 317 76 42 91 586 1135 239 27 55 134 86 47 7
internal_value=-4.80721e-05 -0.0428545 0.00531122 -0.0112286 0.00825889 0.009816 0.0114742 -0.0200064 0.00547889 0.0175807 0.0194476 0.000248375 0.00465696 -0.0379893
internal_weight=713.178 79.3536 633.824 95.8719 537.952 520.03 498.468 85.7536 29.3752 322.849 309.544 175.619 155.038 12.941
internal_count=3011 391 2620 403 2217 2141 2050 361 122 1324 1269 726 640 54
is_linear=0
shrinkage=0.05


Tree=11
num_leaves=15
num_cat=0
split_feature=49 29 42 14 50 18 23 19 2 12 49 0 47 6
split_gain=60.6915 13.4579 13.602 15.2473 15.7045 13.2834 13.0374 12.5467 12.0405 13.7211 14.053 12.8313 12.5636 11.4573
threshold=0.036916455896751778 0.1123533516856038 -0.050307503012724221 0.23724042364567194 0.065033382351555244 -0.13348885209397121 0.045454618218989502 -0.05822325455113226 175.50000000000003 -0.15760678852610363 0.23429305412953608 -0.049025520141705019 -0.23708703554515978 -0.10330252222330401
decision_type=2 2 2 2 2 2 2 2 2 2 2 2 2 2
left_child=13 2 6 5 7 -4 -2 -5 12 10 11 -10 -7 -1
right_child=1 -3 3 4 -6 8 -8 -9 9 -11 -12 -13 -14 -15
leaf_value=-0.0066105321411299451 0.0028764791659480408 -0.029048102777440157 -0.045235846274345022 0.08891325891402152 0.031446654748742163 -0.071857134976387599 0.023776072234233933 -0.06358285025913156 -0.030916430006299202 -0.010781240872559546 0.060253916761791398 0.058846767205091244 0.0010061770974889833 -0.060118470245863358
leaf_weight=12.758175805211065 145.57014992833138 28.842957109212875 14.002581432461737 1.4363541454076827 6.9064489752054206 6.0884696245193473 153.10074366629124 22.131735026836395 10.617244511842729 20.271894782781601 28.347311332821846 6.3696254193782798 208.97615171968937 46.347106099128723
leaf_count=59 600 122 62 6 29 26 625 96 45 86 116 26 865 248
internal_value=-5.13013e-05 0.00434243 0.00588628 -0.00118989 -0.0348587 0.00229208 0.0135898 -0.054289 0.00466323 0.0234135 0.0387042 0.00274239 -0.00105658 -0.0485685
internal_weight=711.767 652.662 623.819 325.148 30.4745 294.673 298.671 23.5681 280.671 65.6061 45.3342 16.9869 215.065 59.1053
internal_count=3011 2704 2582 1357 131 1226 1225 102 1164 273 187 71 891 307
is_linear=0
shrinkage=0.05


Tree=12
num_leaves=15
num_cat=0
split_feature=49 0 21 47 5 35 41 13 0 49 6 21 19 14
split_gain=56.104 13.0296 13.0411 15.5686 14.8501 13.1894 12.4611 12.3698 11.6782 11.4839 10.9986 10.67 12.1875 10.4799
threshold=0.036916455896751778 -0.066302792824138215 -0.068907381925138414 -0.12670247469056015 0.10341781525728201 -0.023736186910571021 -0.054554653770549813 0.14451162175587323 -0.063708665571896722 0.18397813741697538 -0.10330252222330401 -0.043033203632314783 0.046932410833671757 0.046733414945253383
decision_type=2 2 2 2 2 2 2 2 2 2 2 2 2 2
left_child=10 6 4 7 8 -5 13 -4 -3 -7 -1 -9 -13 -2
right_child=1 2 3 5 -6 9 -8 11 -10 -11 -12 12 -14 -15
leaf_value=-0.0062956797092427715 -0.037751502269501108 0.083001493933666418 -0.043416403097104747 0.018770844027372807 0.060778829093914848 -0.076440034274846247 -0.021573063094212308 0.080747273346614953 -0.024011127338839727 -0.00027770426832201422 -0.058948359965763725 -0.03740516217027489 0.031593468624832435 0.014132644239524109
leaf_weight=12.727225825190542 11.449988931417463 2.6629976332187644 21.395284533500671 320.55788710713387 6.3551074564456931 5.5440654754638663 83.829514920711517 4.1530899852514294 59.783711239695549 46.14092156291008 44.939546585083008 13.890776067972185 11.867703691124914 64.886309370398521
leaf_count=59 49 11 90 1312 26 25 353 17 255 190 248 58 49 269
internal_value=-5.46106e-05 0.00412319 0.00815302 0.0114328 -0.0120373 0.0149917 -0.00826455 -0.0143879 -0.0194476 -0.00844737 -0.0473278 0.00637566 -0.00561542 0.00635033
internal_weight=710.184 652.517 492.352 423.55 68.8018 372.243 160.166 51.3069 62.4467 51.685 57.6668 29.9116 25.7585 76.3363
internal_count=3011 2704 2033 1741 292 1527 671 214 266 215 307 124 107 318
is_linear=0
shrinkage=0.05


Tree=13
num_leaves=15
num_cat=0
split_feature=49 36 2 18 28 50 20 12 6 27 44 13 16 6
split_gain=51.8853 12.3621 15.116 13.0455 12.0063 10.6809 11.3276 16.0152 12.4915 12.025 14.6111 16.7235 15.7051 10.5701
threshold=0.036916455896751778 -0.084427528683326356 406.50000000000006 -0.19351925878813273 0.15430375493431783 0.22847973300338381 0.028736136149081631 -0.41981617209710892 -0.065467461769231058 0.097211429962011806 -0.049690853924166369 0.22385962328540113 -0.044022607318638704 -0.10330252222330401
decision_type=2 2 2 2 2 2 2 2 2 2 2 2 2 2
left_child=13 3 4 -2 -3 6 7 -5 -9 10 12 -12 -8 -1
right_child=1 2 -4 5 -6 -7 9 8 -10 -11 11 -13 -14 -15
leaf_value=-0.005995217117652764 -0.061387245903430782 -0.022490572694911483 0.034075095859225295 0.075911310775545374 0.096114322436562469 -0.065561157567054065 0.092280406735913187 0.011052660975132798 0.06349925083361023 0.011123803312014666 -0.019937955415554674 0.026112557569437922 -0.0475922371849965 -0.057840869660486995
leaf_weight=12.697597086429594 6.8987736701965323 87.724993109703064 15.35350815951824 11.33688375353813 2.1869448870420447 4.9154372364282599 6.8841623812913895 166.55128911137581 12.183757454156874 198.1292532235384 113.50198636949062 23.859394013881683 2.8325933963060361 43.545483082532883
leaf_count=59 31 375 63 46 9 22 28 685 50 809 476 98 12 248
internal_value=-5.73936e-05 0.00391527 -0.0117761 0.00693443 -0.0196057 0.00780696 0.00848069 0.018283 0.0146278 0.0030835 -0.00774761 -0.0119391 0.0515052 -0.046136
internal_weight=708.602 652.359 105.265 547.094 89.9119 540.195 535.279 190.072 178.735 345.207 147.078 137.361 9.71676 56.2431
internal_count=3011 2704 447 2257 384 2226 2204 781 735 1423 614 574 40 307
is_linear=0
shrinkage=0.05


Tree=14
num_leaves=15
num_cat=0
split_feature=49 37 14 32 31 25 6 35 41 6 49 12 8 38
split_gain=48.001 11.8087 10.5603 12.5505 11.2357 10.5053 12.5933 11.2534 10.3863 10.1678 9.91574 10.8719 11.1247 16.8989
threshold=0.036916455896751778 0.046887165408536782 0.19818992588811288 0.063487785169271754 -0.12415434389472423 0.05439300786482059 -0.31807087274489837 0.062545966931978711 -0.053605792733360406 -0.10330252222330401 0.23053876267553444 -0.38302243450313495 -0.17767545000072935 -0.13546193513755753
decision_type=2 2 2 2 2 2 2 2 2 2 2 2 2 2
left_child=9 10 5 -4 -5 7 -7 -3 -8 -1 -2 -12 13 -13
right_child=1 2 3 4 -6 6 8 -9 -10 -11 11 12 -14 -15
leaf_value=-0.0057085347942815948 -0.02230911403958806 0.0095518415928169537 -0.046096423454187019 0.076736891760182724 -0.0035082722251684006 -0.051777125815693152 0.050780426682931805 -0.080834746704703378 0.014441646958630747 -0.056788805595577523 0.029680842378972103 -0.068619171706965451 -0.0063574317933631878 0.05514738329726479
leaf_weight=12.669246599078177 56.638492822647095 194.36309772729874 16.341094002127647 4.8598543852567664 42.594431310892105 4.5511879771947852 41.977097764611244 3.5057376921176902 36.991276383399963 42.169605553150177 28.934889987111092 3.3415966778993633 202.21964237093925 15.791471272706984
leaf_count=59 250 796 71 20 175 19 170 15 152 248 118 14 839 65
internal_value=-5.98489e-05 0.00371835 0.0100629 -0.00830419 0.00470974 0.014227 0.0290972 0.00795042 0.0337582 -0.0449879 -0.00341704 0.000858113 -0.00290955 0.0335315
internal_weight=706.949 652.11 345.184 63.7954 47.4543 281.388 83.5196 197.869 78.9684 54.8389 306.926 250.288 221.353 19.1331
internal_count=3011 2704 1418 266 195 1152 341 811 322 307 1286 1036 918 79
is_linear=0
shrinkage=0.05


Tree=15
num_leaves=15
num_cat=0
split_feature=49 29 37 47 21 5 0 18 39 26 6 47 33 32
split_gain=44.4206 11.6071 11.2698 10.7289 9.88297 12.3103 11.1902 11.0059 10.7299 10.3815 9.78833 9.60499 9.60316 9.21517
threshold=0.036916455896751778 0.1123533516856038 0.046887165408536782 -0.21476461463116289 -0.062459508019471498 0.10341781525728201 -0.064294382961628885 0.05116458249430781 0.068285855708302909 0.049366465126816174 -0.10330252222330401 -0.12311424236857511 0.18833176901394091 0.18948825309266595
decision_type=2 2 2 2 2 2 2 2 2 2 2 2 2 2
left_child=10 2 -2 -4 5 -5 7 8 13 -8 -1 -10 -9 -6
right_child=1 -3 3 4 6 -7 9 12 11 -11 -12 -13 -14 -15
leaf_value=-0.005435047204279576 -0.0022135230307457742 -0.027653750659892781 -0.04219995004064904 -0.016363627594749578 0.0020340797133092336 0.073264731554833082 0.017008218625937436 -0.048341594224218049 0.056755778899957358 0.045500957211526805 -0.055785814326938465 -0.035042619310329669 0.052224971661962653 0.080421537498027218
leaf_weight=12.642129123210905 291.52127425372601 28.531468883156776 9.126692056655882 42.97121587395668 24.686473459005359 4.2060412913560858 152.79135340452194 2.8292016685009029 3.1235407739877692 40.428284496068954 40.815846800804138 32.477260231971741 14.74796551465988 4.4206995815038672
leaf_count=59 1221 122 39 181 102 17 621 12 13 164 248 134 60 18
internal_value=-6.16751e-05 0.00353166 0.0049591 0.0112608 0.0127729 -0.0083729 0.0163939 0.0009524 -0.00857816 0.0229699 -0.0438785 -0.0269884 0.0360379 0.0139393
internal_weight=705.319 651.861 623.33 331.809 322.682 47.1773 275.505 82.2851 64.708 193.22 53.458 35.6008 17.5772 29.1072
internal_count=3011 2704 2582 1361 1322 198 1124 339 267 785 307 147 72 120
is_linear=0
shrinkage=0.05


Tree=16
num_leaves=15
num_cat=0
split_feature=49 0 18 21 47 5 32 41 17 19 39 23 45 0
split_gain=41.1168 10.6024 11.0872 11.2871 12.9513 12.3528 11.2011 10.9704 10.872 11.4968 12.1306 11.7133 10.2182 10.1928
threshold=0.036916455896751778 -0.066302792824138215 -0.17079814174861219 -0.068907381925138414 -0.12670247469056015 0.10341781525728201 -0.057387996580998239 -0.054554653770549813 0.15724317055075379 0.048450258428424667 0.17210718830900903 -0.065363827974713004 0.044178022969544165 -0.063708665571896722
decision_type=2 2 2 2 2 2 2 2 2 2 2 2 2 2
left_child=-1 7 -3 5 6 13 -5 -2 -8 11 12 -10 -11 -4
right_child=1 2 3 4 -6 -7 8 -9 9 10 -12 -13 -14 -15
leaf_value=-0.04280369112324537 0.0058479438329750166 -0.050823447637706257 0.077201231234344719 0.098108985745264152 0.014300248754201182 0.055175234952175689 -0.067271715096629228 -0.020415213395405019 0.11912093420273724 0.080528089176388692 -0.043055877903878548 -0.040729465892556473 -0.014091528666862 -0.022162407398608721
leaf_weight=52.103679835796356 76.205222353339195 8.1575491428375226 2.6992860287427893 2.1761220693588248 366.21983022987843 6.4007505327463141 9.0363325625658018 83.145784765481949 1.2166011184453989 8.5363162904977816 4.9790215194225302 19.754489541053772 4.2859336584806433 58.87274643778801
leaf_count=307 318 37 11 9 1496 26 38 353 5 35 21 83 18 254
internal_value=-6.28221e-05 0.0033544 0.00698267 0.0079566 0.0110417 -0.0109339 -0.0128323 -0.00785558 -0.017882 -0.00637117 0.0231805 -0.031456 0.0489008 -0.0178064
internal_weight=703.79 651.686 492.335 484.177 416.205 67.9728 49.9848 159.351 47.8087 38.7724 17.8013 20.9711 12.8222 61.572
internal_count=3011 2704 2033 1996 1705 291 209 671 200 162 74 88 53 265
is_linear=0
shrinkage=0.05


Tree=17
num_leaves=15
num_cat=0
split_feature=49 2 16 44 36 27 32 27 13 27 45 42 39 10
split_gain=38.0126 14.931 10.3747 15.4265 13.7615 14.781 12.8121 11.0588 10.6897 11.9669 13.2676 10.2381 12.6721 11.1266
threshold=0.14904926171674757 401.00000000000006 -0.049507488676537911 -0.046830050687213805 -0.16562401125315732 0.14844836173594309 0.039811771308605991 0.032915632754922618 0.15027617941915089 0.11306927053975356 -0.13006666776404338 -0.05555575401499431 0.12500014128539447 -0.058321437378828396
decision_type=2 2 2 2 2 2 2 2 2 2 2 2 2 2
left_child=1 -1 3 4 -2 -6 -5 -4 9 10 -8 12 -9 -14
right_child=2 -3 7 6 5 -7 8 11 -10 -11 -12 -13 13 -15
leaf_value=-0.037989331965193912 0.069102234295136844 0.065845547634456589 -0.028690605687402393 -0.016621153637195959 0.040406526549517416 -0.045414668258277363 0.0553620975139597 -5.0669886525848648e-05 0.018659072898434003 0.014821225762249186 -0.016752852757092079 -0.010858934205342214 -0.062505366312894037 0.056443135014674552
leaf_weight=73.768508151173592 18.768950060009956 3.6326093524694434 40.61298431456089 56.752254530787468 14.632886350154878 7.6348308622837058 6.8809701502323142 47.131416767835617 154.88551278412342 79.999507337808609 87.246104091405869 87.260684937238693 2.1708651334047344 20.833814367651939
leaf_count=412 76 15 172 243 60 32 28 193 632 327 361 366 9 85
internal_value=-6.39316e-05 -0.0331161 0.00403055 0.00841904 0.0375641 0.0109814 0.00531865 -0.00542863 0.00910311 0.000603093 -0.011481 0.000573639 0.0147976 0.0452184
internal_weight=702.212 77.4011 624.811 426.801 41.0367 22.2677 385.764 198.01 329.012 174.127 94.1271 157.397 70.1361 23.0047
internal_count=3011 427 2584 1759 168 92 1591 825 1348 716 389 653 287 94
is_linear=0
shrinkage=0.05


Tree=18
num_leaves=15
num_cat=0
split_feature=49 29 35 42 6 14 6 20 50 26 31 22 22 39
split_gain=35.3289 10.2588 10.4626 10.6041 10.0649 9.51825 14.6415 12.5844 12.7041 10.8051 12.3117 11.0401 9.38546 9.2386
threshold=0.036916455896751778 0.1123533516856038 0.07432306616871405 0.16940220071899562 -0.10330252222330401 0.18993866720436589 -0.10122357475140542 -0.039386417749502335 0.05241439018358459 -0.023657404868053934 -0.18020226422494567 -0.16048472816640358 0.20851499145344685 0.065974029650138169
decision_type=2 2 2 2 2 2 2 2 2 2 2 2 2 2
left_child=4 2 3 5 -1 9 7 -7 -9 11 -11 -2 -12 -14
right_child=1 -3 -4 -5 -6 6 -8 8 -10 10 12 -13 13 -15
leaf_value=-0.0012364939214571109 0.11065421524534912 -0.026421466100614584 -0.040606476615290626 -0.049332251377952004 -0.05347572435337819 0.031096841129855658 0.042846697673863045 -0.032979428057054991 0.0016112402937733198 -0.030665397529964944 0.020243703729235479 -0.0018298713633635947 0.030193524696947562 -0.040413247474628135
leaf_weight=12.218965247273443 2.2096294462680808 28.262255355715752 12.662362858653067 8.7505467236042005 37.574169874191284 15.47265839576721 14.047076031565664 57.995112970471382 48.946778312325478 13.826897695660589 257.87238828837872 170.58332303166389 7.210640266537669 12.959535971283911
leaf_count=59 9 122 56 37 248 64 58 250 202 58 1056 708 30 54
internal_value=-6.44313e-05 0.0030413 0.00437886 0.00531286 -0.0406565 0.00610833 -0.00550161 -0.0110496 -0.0171474 0.00951792 0.0153845 -0.000391455 0.0176745 -0.015172
internal_weight=700.592 650.799 622.537 609.875 49.7931 601.124 136.462 122.415 106.942 464.662 291.869 172.793 278.043 20.1702
internal_count=3011 2704 2582 2526 307 2489 574 516 452 1915 1198 717 1140 84
is_linear=0
shrinkage=0.05


Tree=19
num_leaves=15
num_cat=0
split_feature=49 6 36 2 18 28 50 20 12 6 31 26 26 34
split_gain=32.7074 9.66905 9.50955 12.3419 10.7924 10.7401 9.48408 9.89467 10.9539 11.6825 10.4807 9.81591 12.0333 10.2405
threshold=0.036916455896751778 -0.10330252222330401 -0.084427528683326356 406.50000000000006 -0.19351925878813273 0.15430375493431783 0.22847973300338381 0.034320196838792061 -0.41981617209710892 -0.070597248671188453 0.063279059726913708 0.049366465126816174 0.037216387333410227 -0.026361946125516941
decision_type=2 2 2 2 2 2 2 2 2 2 2 2 2 2
left_child=1 -1 4 5 -2 -4 7 8 -6 -10 11 12 13 -9
right_child=2 -3 3 -5 6 -7 -8 10 9 -11 -12 -13 -14 -15
leaf_value=-0.001175286650568975 -0.057990050946383265 -0.052603474012290131 -0.020914387534222936 0.03032754059503456 0.05975560715474168 0.090702433691000936 -0.063661665095163536 5.0194018672375862e-05 0.0090323146930409368 0.056242335755555574 -0.02479555808014227 0.0240144504271462 -0.0366955408032517 0.034199469300092537
leaf_weight=12.212724968791006 6.6066231429576865 36.319289237260818 86.515307947993279 15.421524181962011 13.222922727465628 2.2102642208337775 4.8002851605415335 204.52550105750561 170.98316831886768 14.19170521199703 33.57005700469017 53.81426328420639 20.031943142414093 24.592839166522026
leaf_count=59 31 248 375 63 54 9 22 840 703 58 145 219 83 102
internal_value=-6.57484e-05 -0.0396619 0.00288848 -0.010958 0.00552799 -0.0181339 0.00630548 0.00693334 0.01579 0.0126505 0.00171209 0.00464927 0.000466566 0.00371567
internal_weight=699.018 48.532 650.486 104.147 546.339 88.7256 539.733 534.932 198.398 185.175 336.535 302.965 249.15 229.118
internal_count=3011 307 2704 447 2257 384 2226 2204 815 761 1389 1244 1025 942
is_linear=0
shrinkage=0.05


Tree=20
num_leaves=15
num_cat=0
split_feature=49 2 14 26 22 9 9 7 5 20 23 27 49 23
split_gain=30.2828 12.5579 9.2494 9.61385 12.1106 9.56287 15.5426 12.436 10.7539 11.8537 9.3724 9.25567 8.9016 8.7456
threshold=0.14904926171674757 401.00000000000006 0.28372335421635619 0.049366465126816174 0.26584813873241153 -0.028291667383562636 -0.048729785798133758 -0.16380830561322873 0.031068499155118657 -0.044901393949587559 -0.071706419395340212 0.23493187870145998 0.47312829759030212 -0.097641724324364368
decision_type=2 2 2 2 2 2 2 2 2 2 2 2 2 2
left_child=1 -1 3 5 10 6 7 -2 -8 -10 11 -5 -11 -7
right_child=2 -3 -4 4 -6 13 8 -9 9 12 -12 -13 -14 -15
leaf_value=-0.035181724354808812 0.021906260255424737 0.060287596100155272 -0.037752496120459333 0.070581808873711405 -0.083578417171921424 -0.031226541550345818 -0.052061967912908139 -0.0034675952283177028 0.071011736979611495 -0.027795334366306237 0.014968901007152506 -0.089054838900905486 0.05745608868396062 0.01542714024009835
leaf_weight=69.698503822088242 61.009227812290192 3.6236084401607505 13.295416429638861 12.801800072193142 2.8519689589738837 10.822969377040861 23.907849252223969 231.60248546302319 4.1085075139999381 29.757702305912971 89.717581585049629 0.97731077671051103 3.4132095724344245 139.77974717319012
leaf_count=412 249 15 57 52 12 45 101 966 17 125 367 4 14 575
internal_value=-6.6786e-05 -0.0304636 0.00350468 0.00440281 0.0180646 0.00152233 -0.00296941 0.00182283 -0.025887 -0.00910055 0.0208655 0.0592593 -0.0190232 0.0120744
internal_weight=697.368 73.3221 624.046 610.75 106.349 504.402 353.799 292.612 61.1873 37.2794 103.497 13.7791 33.1709 150.603
internal_count=3011 427 2584 2527 435 2092 1472 1215 257 156 423 56 139 620
is_linear=0
shrinkage=0.05


Tree=21
num_leaves=15
num_cat=0
split_feature=49 6 29 42 35 47 2 37 21 32 5 23 7 45
split_gain=28.167 9.57138 9.13657 9.20721 9.35336 8.67794 12.4195 9.84911 11.1364 9.58219 9.0544 10.3705 8.98804 11.2548
threshold=0.036916455896751778 -0.10330252222330401 0.1123533516856038 0.16940220071899562 0.07432306616871405 -0.17677694817843134 218.50000000000003 0.035466429280106244 -0.15681295103431411 -0.057387996580998239 0.1838718965131306 0.16117275632220754 -0.16222194123448816 0.030457333650072308
decision_type=2 2 2 2 2 2 2 2 2 2 2 2 2 2
left_child=1 -1 3 4 5 6 9 12 -9 -2 -10 -12 -7 -14
right_child=2 -3 -4 -5 -6 7 -8 8 10 -11 11 -13 13 -15
leaf_value=0.00063850742584359147 0.090165131987817462 -0.051201538671273042 -0.025314999930490269 -0.044989544891383265 -0.039900853161827059 0.019967818640752793 0.074258181468929554 -0.029717861817973291 0.012852430821694974 -0.031528193180378423 0.10028491507300688 -0.049849271793042854 0.00054181195201312567 -0.03003849894968029
leaf_weight=12.027272284030913 1.6975812464952458 34.287624210119247 28.01026052236557 9.4918413013219816 11.566330045461653 39.367658823728561 3.3937229812145224 15.184657320380209 330.8088918030262 34.33337813615799 5.6743904352188101 1.4426557868719099 129.46333906054497 39.197788178920746
leaf_count=59 7 248 122 41 52 161 14 68 1353 148 23 6 542 167
internal_value=-6.6877e-05 -0.0377395 0.00261895 0.00387765 0.0046354 0.00549313 -0.017182 0.00708625 0.0121706 -0.0257947 0.0140529 0.0698521 -0.00154407 -0.00656522
internal_weight=695.947 46.3149 649.632 621.622 612.13 600.564 39.4247 561.139 353.111 36.031 337.926 7.11705 208.029 168.661
internal_count=3011 307 2704 2582 2541 2489 169 2320 1450 155 1382 29 870 709
is_linear=0
shrinkage=0.05


Tree=22
num_leaves=15
num_cat=0
split_feature=49 6 50 18 12 36 40 20 44 16 27 13 12 6
split_gain=26.0759 9.18306 8.29789 8.75666 11.0218 8.79375 10.2035 10.075 10.3061 11.7402 11.0524 13.9603 9.72655 10.0442
threshold=0.036916455896751778 -0.10330252222330401 0.22847973300338381 -0.13348885209397121 -0.35278712314896804 -0.092302584110511551 0.31252558659801233 0.034320196838792061 -0.045981282151762011 -1.0000000180025095e-35 0.097211429962011806 0.22385962328540113 -0.41981617209710892 -0.042207145227338455
decision_type=2 2 2 2 2 2 2 2 2 2 2 2 2 2
left_child=1 -1 3 4 -2 7 -7 12 9 -9 11 -10 -5 -14
right_child=2 -3 -4 5 -6 6 -8 8 10 -11 -12 -13 13 -15
leaf_value=0.00060640959202991384 0.087451559281239599 -0.050397389382150742 -0.056327924002439383 0.058334652420160393 -0.036677159671133545 -0.015202271729896423 0.027443355776031981 0.055907315940165139 -0.020003473714276018 -0.017127876809277069 0.0071506871362807395 0.024273802770714961 0.010743453514329173 0.074574620543667924
leaf_weight=12.030561000108717 1.9462084323167825 33.122647255659103 5.9418985545635215 12.749971732497213 22.044805124402046 92.311799496412277 16.539322525262833 17.040033712983135 103.11001792550087 8.1265479922294599 173.87294937670231 21.517188549041748 167.55177968740463 6.3983024209737769
leaf_count=59 8 248 28 52 102 395 70 69 437 34 708 88 687 26
internal_value=-6.76379e-05 -0.036808 0.00248792 0.00303126 -0.0266075 0.00417959 -0.00872251 0.00693135 0.00159587 0.0323235 -0.000994785 -0.0123589 0.016181 0.0130913
internal_weight=694.304 45.1532 649.151 643.209 23.991 619.218 108.851 510.367 323.667 25.1666 298.5 124.627 186.7 173.95
internal_count=3011 307 2704 2676 110 2566 465 2101 1336 103 1233 525 765 713
is_linear=0
shrinkage=0.05


Tree=23
num_leaves=15
num_cat=0
split_feature=49 38 9 18 44 27 27 44 7 26 20 9 13 12
split_gain=24.255 13.1096 10.4005 15.0892 11.6666 12.0948 11.8992 11.2653 11.1018 10.9915 10.4857 11.3508 9.94227 11.0636
threshold=0.23338200020064984 -0.24014847927709507 -0.028291667383562636 0.051987666897325931 -0.046830050687213805 0.15360028358211766 0.098526479322119484 -0.082607554554759252 -0.29768077306942692 -0.12668146221165735 -0.038565299073185406 -0.090126292748736916 0.23071735767574955 -0.19233891113138016
decision_type=2 2 2 2 2 2 2 2 2 2 2 2 2 2
left_child=1 -1 4 7 5 -2 8 -4 -6 -5 11 -10 -12 -14
right_child=2 -3 3 9 6 -7 -8 -9 10 -11 12 -13 13 -15
leaf_value=-0.048356653643393629 0.043869787135416831 -0.010779946479763292 -0.05332071151581215 -0.062869532873694664 0.11302970755427827 -0.020534368593873954 0.0054415388335210639 0.010165806091034483 0.055354502223692086 0.047624228837742824 -0.026439243871117919 -0.013148740165664871 0.031655947189963708 -0.060831319902731246
leaf_weight=29.457088977098465 27.326863661408424 109.46104043722153 7.4231884926557532 2.3887768238782874 1.7230656594037999 9.9417673647403699 195.2783120572567 119.04589521884918 10.264642745256426 38.943292364478111 107.01506409049034 14.717253312468527 15.473194882273676 4.0877041816711417
leaf_count=202 112 527 31 10 7 42 800 488 42 158 451 61 63 17
internal_value=-6.79954e-05 -0.018748 0.00461923 0.0150109 9.97584e-05 0.0266894 -0.00274325 0.00643942 -0.0131706 0.0412383 -0.0146054 0.0149981 -0.0204481 0.0123286
internal_weight=692.547 138.918 553.629 167.801 385.828 37.2686 348.559 126.469 153.281 41.3321 151.558 24.9819 126.576 19.5609
internal_count=3011 729 2282 687 1595 154 1441 519 641 168 634 103 531 80
is_linear=0
shrinkage=0.05


Tree=24
num_leaves=15
num_cat=0
split_feature=49 20 49 27 2 30 35 22 50 18 43 21 34 34
split_gain=22.7146 10.2713 9.44903 9.48811 9.26888 9.0731 10.699 9.06982 8.88413 8.76033 11.618 8.99714 8.32905 11.4586
threshold=-0.097805324035007662 0.42741789263925306 0.23338200020064984 -0.03649061530802182 491.50000000000006 -0.46709394649096331 -0.031084190040923224 0.31589755232396727 0.22847973300338381 0.046324185457145804 0.093968884028650654 0.13488905876507482 0.14671051357525938 0.074743563949001848
decision_type=2 2 2 2 2 2 2 2 2 2 2 2 2 2
left_child=1 -1 4 -4 5 6 -2 8 9 12 11 -11 13 -5
right_child=2 -3 3 7 -6 -7 -8 -9 -10 10 -12 -13 -14 -15
leaf_value=-0.058819930121149194 0.07898286138188762 0.034801142647415247 -0.025773289915608816 0.0035546750026678809 0.051243689021613005 -0.018431982781782884 -0.079413006117776685 -0.055129815625889395 -0.061176125583207064 0.024529403296232384 -0.028066938921637932 -0.03881449259438835 0.11364780815268681 -0.073128463678635749
leaf_weight=22.094375610351566 4.8196797072887421 3.3775172382593146 24.9013901501894 363.55393506586552 5.5889049470424643 100.45807287096977 1.3688816428184498 6.0361539125442496 4.8029058128595343 128.82051701843739 12.804380074143408 5.8608066588640204 1.6940955370664585 4.9377528727054587
leaf_count=176 20 17 107 1495 23 487 6 26 23 525 54 24 7 21
internal_value=-6.79071e-05 -0.046406 0.00170528 0.00438805 -0.0115229 -0.0148122 0.0439464 0.00580913 0.00651316 0.00714117 0.0174459 0.0217729 0.00303565 0.00252713
internal_weight=691.119 25.4719 665.647 553.412 112.236 106.647 6.18856 528.511 522.474 517.671 147.486 134.681 370.186 368.492
internal_count=3011 193 2818 2282 536 513 26 2175 2149 2126 603 549 1523 1516
is_linear=0
shrinkage=0.05


Tree=25
num_leaves=15
num_cat=0
split_feature=49 20 0 41 35 29 27 2 26 47 5 35 23 14
split_gain=21.2324 9.74947 9.07332 10.3615 9.24802 8.34524 8.27676 12.5787 14.2249 8.60667 8.56966 15.5369 9.16818 9.25245
threshold=-0.097805324035007662 0.42741789263925306 -0.066302792824138215 -0.054554653770549813 0.052200156444278369 -0.19966410404787438 0.093454029773432465 214.50000000000003 0.033004932785946725 -0.16264075528931185 0.054188041316645244 -0.091097650778084308 0.17636658661715932 0.23624286957449658
decision_type=2 2 2 2 2 2 2 2 2 2 2 2 2 2
left_child=1 -1 3 -2 5 -4 7 10 -9 -8 -7 12 13 -12
right_child=2 -3 4 -5 -6 6 9 8 -10 -11 11 -13 -14 -15
leaf_value=-0.0583209554896892 0.0048103141783705367 0.032538422501381607 -0.071934029978934527 -0.020030918466798806 -0.033115002184249169 -0.013973581130011282 -0.020811959940130843 0.0054049710995960881 0.066777571954433346 0.015479386415467459 0.045503753900014585 -0.020128668659680722 -0.082543534224286452 -0.058961669520614601
leaf_weight=21.192067205905918 78.925877049565315 3.4303540289401999 3.3894079625606528 89.667725935578346 15.401499480009077 118.89547757804394 17.548871412873268 32.8323575258255 13.252493128180502 236.54671292006969 29.244742408394817 25.278047934174538 1.6624092906713475 2.2852170765399924
leaf_count=176 337 17 14 408 69 507 75 138 54 973 120 106 7 10
internal_value=-6.85261e-05 -0.0456626 0.00161982 -0.00840167 0.00502388 0.00624524 0.00680012 -0.000219277 0.0230537 0.012973 -0.00626628 0.00940597 0.0318984 0.0379323
internal_weight=689.553 24.6224 664.931 168.594 496.337 480.936 477.546 223.451 46.0849 254.096 177.366 58.4704 33.1924 31.53
internal_count=3011 193 2818 745 2073 2004 1990 942 192 1048 750 243 137 130
is_linear=0
shrinkage=0.05


Tree=26
num_leaves=15
num_cat=0
split_feature=49 20 36 2 28 18 11 33 11 16 50 20 47 31
split_gain=19.8525 9.26843 8.8558 9.70685 10.418 9.26066 9.022 8.24469 8.55807 8.41649 7.23178 7.68009 9.31788 9.13574
threshold=-0.097805324035007662 0.42741789263925306 -0.084427528683326356 406.50000000000006 0.15430375493431783 -0.21587281243173351 0.093301243212949372 0.12739974416526645 -0.033729228349559583 -0.11215484672575846 0.22847973300338381 0.034320196838792061 0.14244577542918196 0.063279059726913708
decision_type=2 2 2 2 2 2 2 2 2 2 2 2 2 2
left_child=1 -1 5 4 -4 -2 7 8 -5 -10 11 12 -7 -13
right_child=2 -3 3 6 -6 10 -8 -9 9 -11 -12 13 -14 -15
leaf_value=-0.057854011679901618 -0.070212776940485708 0.030468181346073975 -0.019674320597139153 0.070152375808651857 0.081354477928908139 0.011120460847546042 -0.091449231060558633 0.079924934289579641 0.048884910682098048 -0.090468078407899277 -0.058764295282464254 0.0033843387303532967 0.074974926592202285 -0.024032470499977844
leaf_weight=20.317091725766662 4.1539429426193228 3.4789649099111548 95.492478989064693 2.9052890390157691 2.6217731535434714 195.55624867975712 1.4861571341752995 6.3956492692232132 1.714306086301802 2.9447459876537327 4.4486175477504721 306.92665889114141 5.8850695490837088 33.722753420472145
leaf_count=176 21 17 445 12 11 807 6 26 7 12 22 1276 24 149
internal_value=-6.8713e-05 -0.0449414 0.00153879 -0.0111745 -0.0169747 0.00416045 0.0256682 0.0381363 0.00280409 -0.0391929 0.00472572 0.00524674 0.012986 0.000670198
internal_weight=688.05 23.7961 664.254 113.56 98.1143 550.693 15.4461 13.96 7.56434 4.65905 546.539 542.091 201.441 340.649
internal_count=3011 193 2818 519 456 2299 63 57 31 19 2278 2256 831 1425
is_linear=0
shrinkage=0.05


Tree=27
num_leaves=15
num_cat=0
split_feature=49 20 49 9 18 44 27 44 27 26 7 20 9 13
split_gain=18.5664 8.82374 8.14237 9.17049 12.8665 10.5019 10.4872 10.1051 9.89355 9.84804 9.76166 9.01473 10.0091 8.88236
threshold=-0.097805324035007662 0.42741789263925306 0.23338200020064984 -0.028291667383562636 0.051987666897325931 -0.046830050687213805 0.15360028358211766 -0.082607554554759252 0.098526479322119484 -0.12668146221165735 -0.29768077306942692 -0.038565299073185406 -0.090126292748736916 0.23071735767574955
decision_type=2 2 2 2 2 2 2 2 2 2 2 2 2 2
left_child=1 -1 -2 5 7 6 -4 -5 10 -6 -7 12 -12 -13
right_child=2 -3 3 4 9 8 -8 -9 -10 -11 11 13 -14 -15
leaf_value=-0.057416605719792672 -0.010897845197155018 0.028567416274974756 0.040886653645379772 -0.051239489536402422 -0.061215061770101914 0.10515778747052036 -0.019318147618432608 0.0092804047027910102 0.0044412862231551081 0.043893346560517243 0.051267846901169638 -0.02507578711208765 -0.013007250257017426 0.011608505668307425
leaf_weight=19.469709977507595 110.9717872813344 3.5237231105566016 27.330941885709763 7.3215685337781897 2.3634512573480597 1.7410447746515263 9.8366407603025419 119.04729887843132 195.29102544486523 39.032305702567101 10.310047954320909 106.12621507048607 14.682475358247755 19.538898900151253
leaf_count=176 536 17 112 31 10 7 42 488 800 158 42 451 61 80
internal_value=-6.88241e-05 -0.0442396 0.00146169 0.0039436 0.0136992 -0.000308979 0.0249531 0.005774 -0.00300946 0.0378923 -0.0125572 -0.0139176 0.0135079 -0.019372
internal_weight=686.587 22.9934 663.594 552.622 167.765 384.857 37.1676 126.369 347.69 41.3958 152.399 150.658 24.9925 125.665
internal_count=3011 193 2818 2282 687 1595 154 519 1441 168 641 634 103 531
is_linear=0
shrinkage=0.05


Tree=28
num_leaves=15
num_cat=0
split_feature=49 20 36 2 28 18 11 33 11 16 14 6 21 23
split_gain=17.3672 8.41159 7.81798 8.80568 9.42377 8.51924 8.15767 7.38699 7.63516 7.6986 6.95597 10.0326 8.531 11.6779
threshold=-0.097805324035007662 0.42741789263925306 -0.084427528683326356 406.50000000000006 0.15831494743430716 -0.21587281243173351 0.093301243212949372 0.12739974416526645 -0.033729228349559583 -0.11215484672575846 0.18993866720436589 -0.10330252222330401 0.13716525576349661 0.055048377817464203
decision_type=2 2 2 2 2 2 2 2 2 2 2 2 2 2
left_child=1 -1 5 4 -4 -2 7 8 -5 -10 12 -12 -7 -14
right_child=2 -3 3 6 -6 10 -8 -9 9 -11 11 -13 13 -15
leaf_value=-0.057006512288332957 -0.06875219196117667 0.026816786778480862 -0.018518424084143649 0.066357989350128391 0.086341937540683519 0.0089231509417135157 -0.08752001229343627 0.075908738095656181 0.046895512958954243 -0.08670382512716214 -0.010982558261660219 0.035570452046180825 -0.047079756897816967 0.051134380096583831
leaf_weight=18.650012873113159 4.0113648995757094 3.5649661570787421 95.184741586446762 2.9022662937641135 2.1919442415237418 405.00697892159224 1.4687056243419636 6.3907490223646164 1.7146417051553711 2.9055741280317311 110.0407886505127 12.933569408953188 14.228113904595377 3.8443811684846869
leaf_count=176 21 17 447 12 9 1682 6 26 7 12 466 54 60 16
internal_value=-6.85282e-05 -0.0435549 0.00138895 -0.0106047 -0.016158 0.00384754 0.0245512 0.0363817 0.00280136 -0.0371228 0.00438086 -0.00608644 0.00742334 -0.0261876
internal_weight=685.039 22.215 662.824 112.759 97.3767 550.065 15.3819 13.9132 7.52248 4.62022 546.054 122.974 423.079 18.0725
internal_count=3011 193 2818 519 456 2299 63 57 31 19 2278 520 1758 76
is_linear=0
shrinkage=0.05


Tree=29
num_leaves=15
num_cat=0
split_feature=49 20 16 40 42 39 13 10 13 49 19 29 13 26
split_gain=16.2475 8.02866 7.68398 10.248 11.57 12.3538 10.535 9.69418 8.3811 9.25873 9.01866 12.8831 8.78443 8.76573
threshold=-0.097805324035007662 0.42741789263925306 -0.038310516045733399 0.31252558659801233 -0.056088399495646708 0.12500014128539447 0.12815380868779994 -0.058321437378828396 0.13272842444056857 0.23529967258744588 0.10376499790163778 0.076249828840470199 0.11851601668905253 0.02210804483420584
decision_type=2 2 2 2 2 2 2 2 2 2 2 2 2 2
left_child=1 -1 8 4 5 6 -4 -7 10 13 -2 12 -12 -10
right_child=2 -3 3 -5 -6 7 -8 -9 9 -11 11 -13 -14 -15
leaf_value=-0.056621700652419463 -0.0078206811478712789 0.025199927693572616 0.010128876507364375 0.039154091601535691 -0.022339169571777354 -0.061578671809873281 -0.034953165725190784 0.045543732371042957 -0.027054734143889776 0.015055984531162645 0.031510541240749375 -0.055644324359187092 -0.037371052778431516 0.022490352237246214
leaf_weight=17.857952617108825 175.1246622800827 3.6029989421367636 29.992889709770679 11.051107034087179 93.226928628981113 2.3529696315526989 22.817359074950218 20.62122468650341 27.497611582279205 212.68118000030518 42.737922042608261 5.6711001247167578 5.1907354742288581 13.219217285513876
leaf_count=176 740 17 143 47 416 10 95 84 128 873 178 25 22 57
internal_value=-6.83049e-05 -0.042885 0.00131935 -0.00749399 -0.0105442 0.00396559 -0.00934941 0.0345725 0.00461095 0.0108742 -0.0023279 0.0156185 0.0240506 -0.0109693
internal_weight=683.646 21.461 662.185 180.062 169.011 75.7844 52.8102 22.9742 482.122 253.398 228.724 53.5998 47.9287 40.7168
internal_count=3011 193 2818 795 748 332 238 94 2023 1058 965 225 200 185
is_linear=0
shrinkage=0.05


end of trees

feature_importances:
embedding_45=42
embedding_02=23
embedding_14=19
embedding_23=19
embedding_16=17
prompt_approx_tokens=15
embedding_09=15
embedding_08=14
embedding_10=14
embedding_43=14
a2_score=13
embedding_22=13
embedding_17=12
embedding_31=12
embedding_46=12
embedding_32=9
embedding_41=9
embedding_05=8
embedding_12=8
embedding_19=8
embedding_38=8
embedding_40=8
embedding_01=7
embedding_18=7
embedding_25=7
embedding_28=7
embedding_35=7
embedding_15=6
embedding_24=6
embedding_33=6
embedding_03=5
embedding_27=5
embedding_30=5
embedding_37=5
embedding_07=4
embedding_11=4
embedding_20=4
embedding_26=3
embedding_29=3
embedding_36=3
embedding_06=2
embedding_21=2
embedding_34=2
embedding_39=2
embedding_44=2
embedding_00=1
embedding_04=1
embedding_13=1
embedding_42=1

parameters:
[boosting: gbdt]
[objective: binary]
[metric: binary_logloss]
[tree_learner: serial]
[device_type: cpu]
[data_sample_strategy: bagging]
[data: ]
[valid: ]
[num_iterations: 30]
[learning_rate: 0.05]
[num_leaves: 15]
[num_threads: 1]
[seed: 23]
[deterministic: 0]
[force_col_wise: 1]
[force_row_wise: 0]
[histogram_pool_size: -1]
[max_depth: -1]
[min_data_in_leaf: 3]
[min_sum_hessian_in_leaf: 0.001]
[bagging_fraction: 1]
[pos_bagging_fraction: 1]
[neg_bagging_fraction: 1]
[bagging_freq: 0]
[bagging_seed: 25556]
[bagging_by_query: 0]
[feature_fraction: 1]
[feature_fraction_bynode: 1]
[feature_fraction_seed: 31605]
[extra_trees: 0]
[extra_seed: 3808]
[early_stopping_round: 0]
[early_stopping_min_delta: 0]
[first_metric_only: 0]
[max_delta_step: 0]
[lambda_l1: 0]
[lambda_l2: 0]
[linear_lambda: 0]
[min_gain_to_split: 0]
[drop_rate: 0.1]
[max_drop: 50]
[skip_drop: 0.5]
[xgboost_dart_mode: 0]
[uniform_drop: 0]
[drop_seed: 6130]
[top_rate: 0.2]
[other_rate: 0.1]
[min_data_per_group: 100]
[max_cat_threshold: 32]
[cat_l2: 10]
[cat_smooth: 10]
[max_cat_to_onehot: 4]
[top_k: 20]
[monotone_constraints: ]
[monotone_constraints_method: basic]
[monotone_penalty: 0]
[feature_contri: ]
[forcedsplits_filename: ]
[refit_decay_rate: 0.9]
[cegb_tradeoff: 1]
[cegb_penalty_split: 0]
[cegb_penalty_feature_lazy: ]
[cegb_penalty_feature_coupled: ]
[path_smooth: 0]
[interaction_constraints: ]
[verbosity: -1]
[saved_feature_importance_type: 0]
[use_quantized_grad: 0]
[num_grad_quant_bins: 4]
[quant_train_renew_leaf: 0]
[stochastic_rounding: 1]
[linear_tree: 0]
[max_bin: 255]
[max_bin_by_feature: ]
[min_data_in_bin: 3]
[bin_construct_sample_cnt: 200000]
[data_random_seed: 113]
[is_enable_sparse: 1]
[enable_bundle: 1]
[use_missing: 1]
[zero_as_missing: 0]
[feature_pre_filter: 1]
[pre_partition: 0]
[two_round: 0]
[header: 0]
[label_column: ]
[weight_column: ]
[group_column: ]
[ignore_column: ]
[categorical_feature: ]
[forcedbins_filename: ]
[precise_float_parser: 0]
[parser_config_file: ]
[objective_seed: 16714]
[num_class: 1]
[is_unbalance: 0]
[scale_pos_weight: 1]
[sigmoid: 1]
[boost_from_average: 1]
[reg_sqrt: 0]
[alpha: 0.9]
[fair_c: 1]
[poisson_max_delta_step: 0.7]
[tweedie_variance_power: 1.5]
[lambdarank_truncation_level: 30]
[lambdarank_norm: 1]
[label_gain: ]
[lambdarank_position_bias_regularization: 0]
[eval_at: ]
[multi_error_top_k: 1]
[auc_mu_weights: ]
[num_machines: 1]
[local_listen_port: 12400]
[time_out: 120]
[machine_list_filename: ]
[machines: ]
[gpu_platform_id: -1]
[gpu_device_id: -1]
[gpu_device_id_list: ]
[gpu_use_dp: 0]
[num_gpu: 1]

end of parameters

pandas_categorical:null
