tree
version=v4
num_class=1
num_tree_per_iteration=1
label_index=0
max_feature_idx=51
objective=regression
feature_names=a2_score has_code_fence prompt_approx_tokens prompt_chars embedding_00 embedding_01 embedding_02 embedding_03 embedding_04 embedding_05 embedding_06 embedding_07 embedding_08 embedding_09 embedding_10 embedding_11 embedding_12 embedding_13 embedding_14 embedding_15 embedding_16 embedding_17 embedding_18 embedding_19 embedding_20 embedding_21 embedding_22 embedding_23 embedding_24 embedding_25 embedding_26 embedding_27 embedding_28 embedding_29 embedding_30 embedding_31 embedding_32 embedding_33 embedding_34 embedding_35 embedding_36 embedding_37 embedding_38 embedding_39 embedding_40 embedding_41 embedding_42 embedding_43 embedding_44 embedding_45 embedding_46 embedding_47
feature_infos=[-0.14680165494409264:-0.018811115751642959] none [8:965] [34:3860] [-0.41087217443874041:0.61782155193190347] [-0.48471791416315496:0.50738849249045237] [-0.58520573598065284:0.1637091018140116] [-0.457495710997814:0.48970210687439175] [-0.41646336503628284:0.36980013081681939] [-0.46164353574848277:0.27910827799011501] [-0.49030428616306426:0.35382651028683815] [-0.41130179815941625:0.42628184178677897] [-0.7761441759351253:0.25514595333753737] [-0.25087260300212721:0.56200266417119338] [-0.38669459561826541:0.57796492950336786] [-0.48622141449773226:0.48730810225589299] [-0.55001909821692674:0.39036002917941331] [-0.23408229439226114:0.70149986857704305] [-0.3596943895981084:0.42459591394742019] [-0.3481553119113957:0.47546492756792713] [-0.3245134270208202:0.52075564392329554] [-0.39082557499682519:0.32882426898275152] [-0.41281254969226883:0.45401858887714786] [-0.49763795114508702:0.41301708893558936] [-0.53839652650374503:0.42173074971558477] [-0.30845685446746224:0.51089105201080265] [-0.40388187304691769:0.36099410255771208] [-0.2290393337255473:0.6393508022779113] [-0.40927275453502904:0.33633639699815621] [-0.42444648726183282:0.25630729731502827] [-0.73874861306336814:0.21031022607861385] [-0.4681734716045628:0.40689422938557973] [-0.30599503068105227:0.41130179815941625] [-0.2520988421229669:0.59213690821293896] [-0.43249857361756672:0.4493247650413843] [-0.64379044019311227:0.34731435582359393] [-0.48314531438551706:0.27044936151312532] [-0.3576777653141881:0.55381861969499646] [-0.5121475197315839:0.33776026473659926] [-0.53951250094920478:0.43748483228844198] [-0.63167616570923679:0.68475227121768012] [-0.48949020986880254:0.48218561322280346] [-0.46114398896535042:0.38087317795088099] [-0.44766148103584524:0.36014120303280989] [-0.39773369280899523:0.42008402520840299] [-0.48434471241406046:0.48800932206302489] [-0.75925660236529657:0.33806170189140661] [-0.51314236049113426:0.3563249516154553] [-0.43560684186903209:0.43070552164653242] [-0.42111744380615784:0.62985816774525505] [-0.35666297896665838:0.37577968896651326] [-0.51047656089015592:0.41650600860529929]
tree_sizes=1544 1534 1597 1566 1565 1549 1567 1558 1563 1547 1478 1469 1512 1495 1542 1471 1518 1514 1513 1509

Tree=0
num_leaves=15
num_cat=0
split_feature=14 2 49 11 28 16 31 12 36 5 9 9 22 15
split_gain=4.35199e+06 4.85801e+06 2.30381e+06 3.53949e+06 3.01215e+06 3.41835e+06 2.14884e+06 1.92177e+06 1.87138e+06 1.82582e+06 1.31636e+06 1.16647e+06 871860 743378
threshold=-0.070889169393617543 95.500000000000014 0.12432888539209512 0.18011301201819421 -0.0595625509860973 0.093211406442761005 -0.084569985101946951 0.10952930095845158 0.067529268636081094 0.12940310290437249 -0.064854551077646608 -0.10009041837955614 -1.0000000180025095e-35 0.30592225456330485
decision_type=2 2 2 2 2 2 2 2 2 2 2 2 2 2
left_child=1 6 3 4 5 11 -1 -4 -3 13 -11 12 -2 -6
right_child=2 8 7 -5 9 -7 -8 -9 -10 10 -12 -13 -14 -15
leaf_value=20.150498197087416 66.362996766575918 22.414387107169066 20.32551754334342 78.683830099909287 21.709228342193654 88.700496766575952 67.09665084748039 60.367163910079768 63.517163941868915 23.43799824477113 61.920497052678243 28.119016654676741 33.350498220929275 43.400497505673542
leaf_weight=2.9999999999999991 4.0000000000000009 36 2584 2.9999999999999991 315 2.9999999999999991 12.999999999999998 2.9999999999999991 2.9999999999999991 4 4.9999999999999982 27 3.9999999999999991 3.9999999999999991
leaf_count=3 4 36 2584 3 315 3 13 3 3 4 5 27 4 4
internal_value=21.1584 35.0941 20.8991 24.5951 24.1517 37.4781 58.2942 20.372 25.5761 22.6078 44.8172 33.0876 49.8567 21.9812
internal_weight=3011 55 2956 369 366 38 16 2587 39 328 9 35 8 319
internal_count=3011 55 2956 369 366 38 16 2587 39 328 9 35 8 319
is_linear=0
shrinkage=1


Tree=1
num_leaves=15
num_cat=0
split_feature=14 2 49 11 47 50 31 39 12 36 14 26 5 8
split_gain=3.92767e+06 4.38435e+06 2.07919e+06 3.19439e+06 2.77869e+06 1.96875e+06 1.93933e+06 1.82011e+06 1.7344e+06 1.68892e+06 1.61043e+06 1.5784e+06 1.20516e+06 1.2253e+06
threshold=-0.070889169393617543 95.500000000000014 0.12432888539209512 0.18011301201819421 -0.025173671808884482 0.066575193744707509 -0.084569985101946951 -0.099689476454391676 0.10952930095845158 0.067529268636081094 0.023699664549938597 0.084666853304484938 0.12940310290437249 0.083505920422862881
decision_type=2 2 2 2 2 2 2 2 2 2 2 2 2 2
left_child=1 6 3 4 5 12 -1 -6 -4 -3 -7 -9 -2 -14
right_child=2 9 8 -5 7 10 -8 11 -10 -11 -12 -13 13 -15
leaf_value=-0.95752487182617196 5.1488525522166286 1.1931695673200819 -0.79125653497943937 54.64914143880209 39.996959463755296 14.6317756652832 43.641320096529455 0.47230819517657868 37.248307673136395 40.240807088216144 59.498712158203119 32.079743194580082 4.1087081432342529 46.380412292480457
leaf_weight=2.9999999999999991 29 36 2584 2.9999999999999991 2.9999999999999991 4 12.999999999999998 315 2.9999999999999991 2.9999999999999991 4 3.9999999999999991 2.9999999999999991 4
leaf_count=3 29 36 2584 3 3 4 13 315 3 3 4 4 3 4
internal_value=-1.50001e-08 13.2389 -0.246327 3.26483 2.84364 14.6292 35.279 1.23319 -0.747144 4.19683 37.0652 0.86864 9.64346 28.264
internal_weight=3011 55 2956 369 366 44 16 322 2587 39 8 319 36 7
internal_count=3011 55 2956 369 366 44 16 322 2587 39 8 319 36 7
is_linear=0
shrinkage=0.05


Tree=2
num_leaves=15
num_cat=0
split_feature=14 2 49 11 47 0 31 39 12 36 5 26 38 17
split_gain=3.54472e+06 3.95688e+06 1.87647e+06 2.88294e+06 2.50777e+06 1.81311e+06 1.75025e+06 1.64265e+06 1.56529e+06 1.52425e+06 1.50066e+06 1.42451e+06 1.34423e+06 713796
threshold=-0.070889169393617543 95.500000000000014 0.12432888539209512 0.18011301201819421 -0.025173671808884482 -0.098260697922197701 -0.084569985101946951 -0.099689476454391676 0.10952930095845158 0.067529268636081094 0.12940310290437249 0.084666853304484938 0.09776521433486586 -0.10426182657261716
decision_type=2 2 2 2 2 2 2 2 2 2 2 2 2 2
left_child=1 6 3 4 5 -2 -1 -6 13 -3 12 -9 -7 -4
right_child=2 9 8 -5 7 10 -8 11 -10 -11 -12 -13 -14 -15
leaf_value=-0.90964870452880864 51.419864908854166 1.1335110028584798 23.623286247253418 51.916684977213542 37.997108840942381 2.2059282285826547 41.459256245539741 0.44869280951363699 35.385892868041992 38.228767395019531 29.189646148681643 30.475757217407228 33.192432570457463 -0.78002575533374341
leaf_weight=2.9999999999999991 2.9999999999999991 36 2.9999999999999991 2.9999999999999991 2.9999999999999991 28 12.999999999999998 315 2.9999999999999991 2.9999999999999991 8.9999999999999982 3.9999999999999991 3.9999999999999991 2581
leaf_count=3 3 36 3 3 3 28 13 315 3 3 9 4 4 2581
internal_value=-2.58175e-08 12.577 -0.23401 3.10158 2.70146 13.8978 33.5151 1.17153 -0.709787 3.98699 11.1523 0.825208 6.07924 -0.751694
internal_weight=3011 55 2956 369 366 44 16 322 2587 39 41 319 32 2584
internal_count=3011 55 2956 369 366 44 16 322 2587 39 41 319 32 2584
is_linear=0
shrinkage=0.05


Tree=3
num_leaves=15
num_cat=0
split_feature=14 2 49 11 28 16 31 12 5 36 17 20 31 17
split_gain=3.19911e+06 3.57108e+06 1.69351e+06 2.60185e+06 2.27773e+06 2.73519e+06 1.5796e+06 1.41268e+06 1.37749e+06 1.37563e+06 1.04769e+06 944112 1.11969e+06 644201
threshold=-0.070889169393617543 95.500000000000014 0.12432888539209512 0.18011301201819421 -0.0595625509860973 0.093211406442761005 -0.084569985101946951 0.10952930095845158 0.12940310290437249 0.067529268636081094 0.32678642301412086 -0.040099495509501301 -0.046727014886716219 -0.10426182657261716
decision_type=2 2 2 2 2 2 2 2 2 2 2 2 2 2
left_child=1 6 3 4 5 11 -1 13 -6 -3 -10 -2 -13 -4
right_child=2 9 7 -5 8 -7 -8 -9 10 -11 -12 12 -14 -15
leaf_value=-0.864166259765625 30.342648048400878 1.0768354680803087 22.442121887207033 49.320851643880211 0.67956850304498939 59.973840332031251 39.386292472252478 33.616599273681643 35.773091220855719 36.317329152425131 1.4415850400924679 31.502183532714817 3.0861667449657735 -0.74102438688740069
leaf_weight=2.9999999999999991 4.9999999999999991 36 2.9999999999999991 2.9999999999999991 319 2.9999999999999991 12.999999999999998 2.9999999999999991 4.9999999999999982 2.9999999999999991 4 4.0000000000000027 26 2581
leaf_count=3 5 36 3 3 319 3 13 3 5 3 4 4 26 2581
internal_value=4.08503e-08 11.9481 -0.22231 2.94651 2.56639 14.1548 31.8393 -0.674298 1.22382 3.78764 20.5146 10.2275 6.87497 -0.714109
internal_weight=3011 55 2956 369 366 38 16 2587 328 39 9 35 30 2584
internal_count=3011 55 2956 369 366 38 16 2587 328 39 9 35 30 2584
is_linear=0
shrinkage=0.05


Tree=4
num_leaves=15
num_cat=0
split_feature=14 2 49 11 47 0 31 39 12 36 5 26 38 12
split_gain=2.8872e+06 3.2229e+06 1.52839e+06 2.34817e+06 2.10943e+06 1.54226e+06 1.42559e+06 1.35982e+06 1.27494e+06 1.24151e+06 1.23717e+06 1.21886e+06 1.15742e+06 634472
threshold=-0.070889169393617543 95.500000000000014 0.12432888539209512 0.18011301201819421 -0.025173671808884482 -0.098260697922197701 -0.084569985101946951 -0.099689476454391676 0.10952930095845158 0.067529268636081094 0.12940310290437249 0.084666853304484938 0.09776521433486586 -0.1230916218032977
decision_type=2 2 2 2 2 2 2 2 2 2 2 2 2 2
left_child=1 6 3 4 5 -2 -1 -6 -4 -3 12 -9 -7 -12
right_child=2 9 8 -5 7 10 -8 11 -10 -11 13 -13 -14 -15
leaf_value=-0.82095794677734379 47.312945556640628 1.0229937394460042 -0.67840353325420233 46.854807535807296 34.540543111165363 1.974303596360343 37.41697871868427 0.37151852059458929 31.93576889038086 34.501463063557942 35.939305623372391 28.146729278564454 30.727172613143921 7.7774435679117859
leaf_weight=2.9999999999999991 2.9999999999999991 36 2584 2.9999999999999991 2.9999999999999991 28 12.999999999999998 315 2.9999999999999991 2.9999999999999991 6 3.9999999999999991 3.9999999999999991 2.9999999999999982
leaf_count=3 3 36 2584 3 3 28 13 315 3 3 6 4 4 3
internal_value=2.83503e-08 11.3507 -0.211194 2.79918 2.43807 12.7067 30.2474 1.0349 -0.640583 3.59826 10.1746 0.719797 5.56841 26.552
internal_weight=3011 55 2956 369 366 44 16 322 2587 39 41 319 32 9
internal_count=3011 55 2956 369 366 44 16 322 2587 39 41 319 32 9
is_linear=0
shrinkage=0.05


Tree=5
num_leaves=15
num_cat=0
split_feature=14 2 49 11 47 50 27 14 39 12 36 26 34 45
split_gain=2.6057e+06 2.90867e+06 1.37938e+06 2.11922e+06 1.90376e+06 1.43999e+06 1.29154e+06 1.23719e+06 1.22724e+06 1.15063e+06 1.12046e+06 1.10002e+06 811870 673488
threshold=-0.070889169393617543 95.500000000000014 0.12432888539209512 0.18011301201819421 -0.025173671808884482 0.066575193744707509 0.16960390580963033 0.023699664549938597 -0.099689476454391676 0.10952930095845158 0.067529268636081094 0.084666853304484938 0.096932251976375755 0.12359492417502999
decision_type=2 2 2 2 2 2 2 2 2 2 2 2 2 2
left_child=1 6 3 4 5 12 -1 -7 -6 -4 -3 -10 13 -2
right_child=2 10 9 -5 8 7 -8 -9 11 -11 -12 -13 -14 -15
leaf_value=-0.83661499023437502 2.819647470013849 0.97184405856662337 -0.64448334463863377 44.512068684895837 32.813516489664714 11.596702098846434 35.559215094492991 50.922111511230462 0.35294260751633422 30.338980865478518 32.776389821370444 26.739392852783205 29.045063018798828 27.70536626180013
leaf_weight=2.9999999999999991 29 36 2584 2.9999999999999991 2.9999999999999991 4 12.999999999999998 4 315 2.9999999999999991 2.9999999999999991 3.9999999999999991 3.9999999999999991 2.9999999999999991
leaf_count=3 29 36 2584 3 3 4 13 4 315 3 3 4 4 3
internal_value=3.88954e-08 10.7832 -0.200634 2.65922 2.31617 12.0714 28.735 31.2594 0.983152 -0.608554 3.41835 0.683807 7.80739 5.15268
internal_weight=3011 55 2956 369 366 44 16 8 322 2587 39 319 36 32
internal_count=3011 55 2956 369 366 44 16 8 322 2587 39 319 36 32
is_linear=0
shrinkage=0.05


Tree=6
num_leaves=15
num_cat=0
split_feature=14 2 49 11 47 0 31 39 27 2 5 36 26 38
split_gain=2.35164e+06 2.62507e+06 1.24489e+06 1.9126e+06 1.71815e+06 1.31671e+06 1.21169e+06 1.10758e+06 1.09915e+06 2.61891e+06 1.04565e+06 1.01122e+06 992771 937494
threshold=-0.070889169393617543 95.500000000000014 0.12432888539209512 0.18011301201819421 -0.025173671808884482 -0.098260697922197701 -0.084569985101946951 -0.099689476454391676 0.37797577282721934 109.50000000000001 0.12940310290437249 0.067529268636081094 0.084666853304484938 0.09776521433486586
decision_type=2 2 2 2 2 2 2 2 2 2 2 2 2 2
left_child=1 6 3 4 5 -2 -1 -6 -4 -10 13 -3 -9 -7
right_child=2 11 8 -5 7 10 -8 12 9 -11 -12 -13 -14 -15
leaf_value=-1.3446764628092449 43.443560791015628 0.92325182490878643 -0.64232716543941848 42.286464436848959 31.172840881347657 1.6588207014969418 33.908152932387132 0.3352954374372013 55.052337646484389 -0.78451619148254392 24.184650929768882 31.137570953369142 25.402423667907716 27.536198806762698
leaf_weight=2.9999999999999991 2.9999999999999991 36 2577 2.9999999999999991 2.9999999999999991 28 12.999999999999998 315 2.9999999999999982 7 8.9999999999999982 2.9999999999999991 3.9999999999999991 3.9999999999999991
leaf_count=3 3 36 2577 3 3 28 13 315 3 7 9 3 4 4
internal_value=6.83494e-09 10.244 -0.190603 2.52626 2.20036 11.4678 27.2982 0.933995 -0.578126 15.9665 9.12814 3.24743 0.649617 4.89349
internal_weight=3011 55 2956 369 366 44 16 322 2587 10 41 39 319 32
internal_count=3011 55 2956 369 366 44 16 322 2587 10 41 39 319 32
is_linear=0
shrinkage=0.05


Tree=7
num_leaves=15
num_cat=0
split_feature=14 2 49 11 42 42 27 33 27 2 36 15 30 5
split_gain=2.12235e+06 2.36913e+06 1.12351e+06 1.72612e+06 1.5965e+06 1.11923e+06 1.09658e+06 1.06247e+06 991985 2.36357e+06 912624 642858 600084 587208
threshold=-0.070889169393617543 95.500000000000014 0.12432888539209512 0.18011301201819421 0.11996131114113581 0.14401389511225102 0.16960390580963033 -0.09214577447129943 0.37797577282721934 109.50000000000001 0.067529268636081094 0.30592225456330485 -0.10367796691861796 0.12940310290437249
decision_type=2 2 2 2 2 2 2 2 2 2 2 2 2 2
left_child=1 6 3 4 7 -6 -1 -2 -4 -10 -3 -9 -8 -7
right_child=2 10 8 -5 5 13 12 11 9 -11 -12 -13 -14 -15
leaf_value=-1.3150975863138834 26.937702187895777 0.87708926730685777 -0.61021080002980865 40.172139485677086 36.509154815673803 1.3180144442452324 40.714105415344243 0.75556189441645649 52.299719238281263 -0.74529037475585935 29.580692418416341 18.816126670837402 18.633157081604004 22.688962593078614
leaf_weight=2.9999999999999991 3.9999999999999991 36 2577 2.9999999999999991 5.0000000000000027 8.9999999999999982 7.9999999999999991 338 2.9999999999999982 7 2.9999999999999991 4.9999999999999991 4.9999999999999991 4.9999999999999991
leaf_count=3 4 36 2577 3 5 9 8 338 3 7 3 5 5 5
internal_value=6.03866e-09 9.73183 -0.181073 2.39995 2.09034 16.2028 25.9333 1.31761 -0.54922 15.1682 3.08506 1.01884 32.2214 8.9505
internal_weight=3011 55 2956 369 366 19 16 347 2587 10 39 343 13 14
internal_count=3011 55 2956 369 366 19 16 347 2587 10 39 343 13 14
is_linear=0
shrinkage=0.05


Tree=8
num_leaves=15
num_cat=0
split_feature=0 14 16 13 25 31 11 10 11 36 40 9 47 49
split_gain=1.93096e+06 2.93844e+06 2.46383e+06 3.46663e+06 1.96357e+06 1.55473e+06 1.35049e+06 1.01347e+06 870570 731352 435757 581756 369574 353439
threshold=-0.079646591400737363 -0.070889169393617543 0.12927639189802589 0.12684750266049619 0.1770152247691161 -1.0000000180025095e-35 0.11354546353627451 0.2414602745504171 -0.030890113707746282 0.13137173136900868 0.36526102454343917 -0.056853555685785512 -0.11145604562606047 0.07415146371300875
decision_type=2 2 2 2 2 2 2 2 2 2 2 2 2 2
left_child=1 5 4 -4 9 -1 8 12 -6 10 -3 -12 -7 -2
right_child=13 2 3 -5 6 7 -8 -9 -10 -11 11 -13 -14 -15
leaf_value=1.5262806594371789 2.2345756376380321 0.15923930801809794 62.387747192382818 5.3793171644210815 29.141732025146474 18.351732381184874 39.171896362304693 1.8836149215698244 1.9027384151111946 25.190210215250652 29.359587860107407 1.5086501693725587 38.150022333318539 -0.64983508431688375
leaf_weight=8.0000000000000018 111 374 3.9999999999999991 7.9999999999999991 4.0000000000000009 3.0000000000000027 4.9999999999999991 2.9999999999999991 11 2.9999999999999991 3.0000000000000009 4.9999999999999991 10.999999999999998 2458
leaf_count=8 111 374 4 8 4 3 5 3 11 3 3 5 11 2458
internal_value=-1.25801e-09 3.05262 2.05441 24.3821 1.39285 19.7027 16.6678 28.2563 9.16647 0.599346 0.406224 11.9528 33.9075 -0.525207
internal_weight=3011 442 417 12 405 25 20 17 15 385 382 8 14 2569
internal_count=3011 442 417 12 405 25 20 17 15 385 382 8 14 2569
is_linear=0
shrinkage=0.05


Tree=9
num_leaves=15
num_cat=0
split_feature=0 14 16 13 25 31 11 10 11 36 35 30 5 49
split_gain=1.74269e+06 2.65194e+06 2.22361e+06 3.12863e+06 1.77212e+06 1.40315e+06 1.21882e+06 928886 785689 660045 406698 1.27517e+06 384123 318979
threshold=-0.079646591400737363 -0.070889169393617543 0.12927639189802589 0.12684750266049619 0.1770152247691161 -1.0000000180025095e-35 0.11354546353627451 0.091627113166860355 -0.030890113707746282 0.13137173136900868 0.055048377817464203 -0.22119374152281837 -1.0000000180025095e-35 0.07415146371300875
decision_type=2 2 2 2 2 2 2 2 2 2 2 2 2 2
left_child=1 5 4 -4 9 -1 8 -7 -6 10 -3 -12 -9 -2
right_child=13 2 3 -5 6 7 -8 12 -10 -11 11 -13 -14 -15
leaf_value=1.449966657161712 2.1228468683925836 0.09210439295382114 59.268357849121095 5.1103512406349187 27.684645080566398 36.622019805908188 37.213302612304688 2.7305647373199458 1.8076015299016779 23.930699539184573 37.675835418701176 0.034723398420545795 26.398671468098957 -0.61734330606615773
leaf_weight=8.0000000000000018 111 370 3.9999999999999991 7.9999999999999991 4.0000000000000009 10.000000000000002 4.9999999999999991 4 11 2.9999999999999991 2.9999999999999991 8.9999999999999982 2.9999999999999991 2458
leaf_count=8 111 370 4 8 4 10 5 4 11 3 3 9 3 2458
internal_value=1.76478e-08 2.89999 1.95169 23.163 1.32321 18.7175 15.8344 26.8434 8.70815 0.569379 0.385913 9.445 12.874 -0.498947
internal_weight=3011 442 417 12 405 25 20 17 15 385 382 12 7 2569
internal_count=3011 442 417 12 405 25 20 17 15 385 382 12 7 2569
is_linear=0
shrinkage=0.05


Tree=10
num_leaves=15
num_cat=0
split_feature=14 2 49 18 2 33 20 31 23 12 11 36 32 30
split_gain=1.57407e+06 1.75403e+06 847716 1.46778e+06 1.75273e+06 1.7319e+06 986216 846729 831830 819876 715060 685819 562893 497028
threshold=-0.070889169393617543 95.500000000000014 0.12432888539209512 -0.071711601205623407 118.50000000000001 -1.0000000180025095e-35 -0.040099495509501301 -0.084569985101946951 0.080583013139008022 0.10952930095845158 0.11354546353627451 0.067529268636081094 0.13552639710789885 -0.10367796691861796
decision_type=2 2 2 2 2 2 2 2 2 2 2 2 2 2
left_child=1 7 3 4 12 -5 8 -1 -6 -4 -7 -3 -2 -9
right_child=2 11 9 5 6 10 -8 13 -10 -11 -12 -13 -14 -15
leaf_value=-1.6222472190856934 20.469663143157959 0.74781534671783456 -0.50605356111984134 38.401713562011722 34.613756637573239 -0.063301810571702866 3.2428702872173463 35.57615776062012 1.3105130672454832 25.647786204020186 21.219846415519715 25.630376434326173 47.865348307291654 15.480497207641603
leaf_weight=2.9999999999999991 5 36 2584 2.9999999999999991 5 295 51 7.9999999999999991 3 2.9999999999999991 3.9999999999999991 2.9999999999999991 3 4.9999999999999991
leaf_count=3 5 36 2584 3 5 295 51 8 3 3 4 3 3 5
internal_value=1.60543e-09 8.38105 -0.15594 2.08602 8.78106 0.600697 5.80316 22.3216 22.125 -0.475724 0.221423 2.66186 30.743 27.8471
internal_weight=3011 55 2956 369 67 302 59 16 8 2587 299 39 8 13
internal_count=3011 55 2956 369 67 302 59 16 8 2587 299 39 8 13
is_linear=0
shrinkage=0.05


Tree=11
num_leaves=15
num_cat=0
split_feature=0 14 16 13 25 41 11 11 36 16 15 0 34 24
split_gain=1.47425e+06 2.14228e+06 2.13017e+06 2.5124e+06 1.48052e+06 1.2834e+06 1.00571e+06 680355 642086 413166 404659 387565 917778 333984
threshold=-0.081624163086443227 -0.070889169393617543 0.12927639189802589 0.12684750266049619 0.1770152247691161 -1.0000000180025095e-35 0.11354546353627451 -0.030890113707746282 0.053161023919667837 0.093211406442761005 0.24343725687447174 -0.082555256491413168 -0.073922178830421334 -1.0000000180025095e-35
decision_type=2 2 2 2 2 2 2 2 2 2 2 2 2 2
left_child=1 5 4 -4 8 13 7 -6 11 -7 -10 -3 -13 -1
right_child=-2 2 3 -5 6 9 -8 -9 10 -11 -12 12 -14 -15
leaf_value=19.313030497233068 -0.44420927121539955 0.012936694300960333 55.239253234863298 5.5649242673601416 25.746133422851553 37.429587663922995 33.980910034179686 1.6661046808416193 3.3544192910194393 17.285408210754394 25.844943237304683 -0.76857114632924395 33.102097574869802 -0.62687100682939789
leaf_weight=3 2593 349 3.9999999999999982 7 4.0000000000000009 6.9999999999999982 4.9999999999999991 11 4 4 4 6 2.9999999999999982 7.0000000000000018
leaf_count=3 2593 349 4 7 4 7 5 11 4 4 4 6 3 7
internal_value=1.36521e-08 2.75559 1.93233 23.6283 1.31405 18.319 14.5608 8.08745 0.590184 30.1044 14.5997 0.277122 10.5217 5.3551
internal_weight=3011 418 397 11 386 21 20 15 366 11 8 358 9 10
internal_count=3011 418 397 11 386 21 20 15 366 11 8 358 9 10
is_linear=0
shrinkage=0.05


Tree=12
num_leaves=15
num_cat=0
split_feature=0 14 16 13 25 41 11 27 11 36 40 7 47 26
split_gain=1.33318e+06 1.97415e+06 1.73901e+06 2.45773e+06 1.351e+06 1.0794e+06 907651 614702 614020 512609 349545 488712 300797 262770
threshold=-0.079646591400737363 -0.070889169393617543 0.12927639189802589 0.12684750266049619 0.1770152247691161 -0.077876133008419432 0.11354546353627451 0.10116052281668685 -0.030890113707746282 0.13137173136900868 0.36526102454343917 0.027914932097992468 -0.11145604562606047 -0.15964565399425726
decision_type=2 2 2 2 2 2 2 2 2 2 2 2 2 2
left_child=1 5 4 -4 9 -1 8 -7 -6 10 -3 -12 -9 -2
right_child=13 2 3 -5 6 7 -8 12 -10 -11 11 -13 -14 -15
leaf_value=2.3312275833553731 2.2175447144110998 0.12140561782102535 52.477291107177734 4.4759857416152959 24.458827209472645 3.5747586886088052 32.281865234374997 14.797882715861002 1.5827994606711646 21.091803359985352 26.638277435302729 1.1115109062194823 32.849564208984376 -0.53275498154423995
leaf_weight=9.0000000000000018 90 374 3.9999999999999991 7.9999999999999991 4.0000000000000009 2.9999999999999991 4.9999999999999991 2.9999999999999991 11 2.9999999999999991 3 5 9.9999999999999982 2479
leaf_count=9 90 374 4 8 4 3 5 3 11 3 3 5 10 2479
internal_value=5.65363e-09 2.53647 1.71829 20.4764 1.16249 16.1838 13.8328 23.9758 7.68307 0.504295 0.342613 10.684 28.6838 -0.436403
internal_weight=3011 442 417 12 405 25 20 16 15 385 382 8 13 2569
internal_count=3011 442 417 12 405 25 20 16 15 385 382 8 13 2569
is_linear=0
shrinkage=0.05


Tree=13
num_leaves=15
num_cat=0
split_feature=0 4 0 14 26 49 25 27 34 20 0 12 47 17
split_gain=1.2059e+06 1.75713e+06 2.08481e+06 1.27543e+06 882412 1.10277e+06 893391 828093 481371 1.00445e+06 458750 691892 411814 339381
threshold=-0.081624163086443227 0.084461248575193368 -0.08945812867033566 -0.2000075005469201 0.058925831510930123 0.25064036040129306 0.16180943961759522 0.17712323247634906 0.096932251976375755 0.079555803108759884 -0.082555256491413168 -0.15954063518286557 -1.0000000180025095e-35 -1.0000000180025095e-35
decision_type=2 2 2 2 2 2 2 2 2 2 2 2 2 2
left_child=1 3 13 -1 6 12 8 -8 10 -10 -5 -12 -6 -3
right_child=-2 2 -4 4 5 -7 7 -9 9 -11 11 -13 -14 -15
leaf_value=29.857025527954104 -0.40175109208894427 48.531664021809888 2.3515771042216911 -0.081567112086475768 14.711687660217283 -1.1187660762241907 4.2977399667104077 27.047645187377931 35.508480834960949 0.074646727244059227 -0.76592155694961539 30.998974768320721 37.400170135498051 27.934903717041006
leaf_weight=3.9999999999999991 2593 3 10.999999999999998 345 4 7 12.000000000000002 5.9999999999999991 2.9999999999999982 6 4 2.9999999999999991 3.9999999999999982 6.0000000000000018
leaf_count=4 2593 3 11 345 4 7 12 6 3 6 4 3 4 6
internal_value=3.15146e-09 2.4922 16.9536 1.7655 1.48031 13.3744 1.00956 11.881 0.467496 11.8859 0.175547 12.8476 26.0559 34.8005
internal_weight=3011 418 20 398 394 15 379 18 361 9 352 7 8 9
internal_count=3011 418 20 398 394 15 379 18 361 9 352 7 8 9
is_linear=0
shrinkage=0.05


Tree=14
num_leaves=15
num_cat=0
split_feature=0 14 16 13 25 41 45 27 35 30 15 49 11 47
split_gain=1.08942e+06 1.62815e+06 1.43544e+06 2.03745e+06 1.09934e+06 916513 756046 516606 422218 1.10314e+06 414982 247887 799362 637252
threshold=-0.079646591400737363 -0.070889169393617543 0.12927639189802589 0.12684750266049619 0.1770152247691161 -0.077876133008419432 -0.095563883313828743 0.10116052281668685 0.055048377817464203 -0.22119374152281837 0.093048584517279556 0.07415146371300875 -0.077717600509728826 -0.029630579586823347
decision_type=2 2 2 2 2 2 2 2 2 2 2 2 2 2
left_child=1 5 4 -4 8 -1 -6 -7 -3 -10 -8 12 13 -2
right_child=11 2 3 -5 6 7 10 -9 9 -11 -12 -13 -14 -15
leaf_value=1.9220486799875891 21.060212683677666 0.14163305390906591 47.728777313232428 4.0240050077438356 0.5680835485458372 3.1642178217569992 12.553497232709615 26.182747151301459 31.156268310546878 -0.40148497480485174 31.413466491699211 -0.49886817829312102 -0.60657901109718704 4.4769556681315104
leaf_weight=9.0000000000000018 8.0000000000000018 372 3.9999999999999991 7.9999999999999991 8.0000000000000018 2.9999999999999991 6.9999999999999982 12.999999999999998 3.9999999999999991 8.9999999999999982 5 2458 82 21
leaf_count=9 8 372 4 8 8 3 7 13 4 9 5 2458 82 21
internal_value=-1.68676e-08 2.2929 1.54986 18.5923 1.0449 14.6867 12.4743 21.8668 0.451167 9.30859 20.4118 -0.394496 1.91674 9.05165
internal_weight=3011 442 417 12 405 25 20 16 385 13 12 2569 111 29
internal_count=3011 442 417 12 405 25 20 16 385 13 12 2569 111 29
is_linear=0
shrinkage=0.05


Tree=15
num_leaves=15
num_cat=0
split_feature=14 2 29 27 49 18 33 2 20 17 27 2 36 39
split_gain=986507 1.09686e+06 581619 616389 580135 981747 1.26965e+06 1.26817e+06 814080 668886 597545 1.43569e+06 423883 400558
threshold=-0.070889169393617543 95.500000000000014 0.17798275804606231 0.28539144430081687 0.13308662598568158 -0.071711601205623407 -0.09214577447129943 118.50000000000001 -0.042082737307156899 0.23357278311128449 0.37797577282721934 109.50000000000001 0.067529268636081094 -0.070484040750911428
decision_type=2 2 2 2 2 2 2 2 2 2 2 2 2 2
left_child=1 2 3 -1 5 7 -7 -2 9 -9 -6 -12 -3 -8
right_child=4 12 -4 -5 10 6 13 8 -10 -11 11 -13 -14 -15
leaf_value=-1.2532087278366093 25.81361186504364 0.60750033855438235 34.170503234863283 21.732290649414061 -0.44002055562016373 32.873562622070317 15.907258462905885 38.17318623860676 2.3969038516845345 8.309371166229246 40.745438639322934 -0.59642314229692728 20.169518534342448 -0.018914793529792837
leaf_weight=4.9999999999999982 7.9999999999999991 36 3.9999999999999991 7 2566 2.9999999999999991 3.9999999999999991 3 53 5 2.9999999999999982 7 2.9999999999999991 304
leaf_count=5 8 36 4 7 2566 3 4 3 53 5 3 7 3 304
internal_value=5.95453e-09 6.63492 17.6589 12.155 -0.123451 1.70029 0.503214 7.09581 4.64102 19.5083 -0.392481 11.8061 2.11227 0.187919
internal_weight=3011 55 16 12 2956 380 311 69 61 8 2576 10 39 308
internal_count=3011 55 16 12 2956 380 311 69 61 8 2576 10 39 308
is_linear=0
shrinkage=0.05


Tree=16
num_leaves=15
num_cat=0
split_feature=0 4 0 14 26 4 25 27 34 20 0 12 21 15
split_gain=914744 1.33578e+06 1.63712e+06 955557 687467 912856 682876 657396 372590 775043 381194 575256 312486 300041
threshold=-0.081624163086443227 0.084461248575193368 -0.08945812867033566 -0.2000075005469201 0.058925831510930123 -1.0000000180025095e-35 0.16180943961759522 0.19045040906820085 0.096932251976375755 0.079555803108759884 -0.082555256491413168 -0.15954063518286557 -0.0595625509860973 -0.076228155790473359
decision_type=2 2 2 2 2 2 2 2 2 2 2 2 2 2
left_child=1 3 -3 -1 6 12 8 13 10 -10 -5 -12 -6 -8
right_child=-2 2 -4 4 5 -7 7 -9 9 -11 11 -13 -14 -15
leaf_value=25.852013969421389 -0.34990580878057082 30.594454447428376 1.8398698806762697 -0.090523262049840847 17.031817245483399 36.457715861002605 19.288029479980459 28.255783462524416 31.196861267089858 0.071244716644287095 -0.71796991825103751 28.246071370442706 -0.084132397174835213 1.4491499120538884
leaf_weight=3.9999999999999991 2593 9.0000000000000018 10.999999999999998 345 3.9999999999999991 2.9999999999999991 3.0000000000000009 3.9999999999999991 2.9999999999999982 6 4 2.9999999999999991 7.9999999999999991 11
leaf_count=4 2593 9 11 345 4 3 3 4 3 6 4 3 8 11
internal_value=1.40373e-08 2.17059 14.7794 1.53698 1.29012 11.7885 0.874622 10.3793 0.400703 10.4465 0.143852 11.6952 5.62118 5.27177
internal_weight=3011 418 20 398 394 15 379 18 361 9 352 7 12 14
internal_count=3011 418 20 398 394 15 379 18 361 9 352 7 12 14
is_linear=0
shrinkage=0.05


Tree=17
num_leaves=15
num_cat=0
split_feature=0 4 0 25 36 27 5 46 13 34 27 38 5 6
split_gain=826492 1.23079e+06 1.51004e+06 759753 762395 743616 432422 426504 388625 329808 970177 305777 238830 458865
threshold=-0.079646591400737363 0.060412511091216488 -0.08945812867033566 0.16180943961759522 0.053161023919667837 0.17712323247634906 -0.094007569819659909 -1.0000000180025095e-35 -0.11717321477270355 0.074743563949001848 0.29832677703148441 -0.17230996905624604 0.15425896818884544 -0.15854804374684714
decision_type=2 2 2 2 2 2 2 2 2 2 2 2 2 2
left_child=1 3 11 4 8 -5 -4 -6 -1 12 -11 -3 -10 -14
right_child=-2 2 6 5 7 -7 -8 -9 9 10 -12 -13 13 -15
leaf_value=16.02202661037445 -0.34360779767842226 19.049548034667964 20.135810565948475 3.5500358581542963 30.274013264973952 24.056066186087474 -0.9238698409153866 7.740872451237272 -0.17782167604691546 0.43998114466667171 25.672467956542974 36.536033935546861 -1.9380821943283078 23.930389118194583
leaf_weight=3.9999999999999991 2569 5 3.0000000000000009 12.000000000000002 3 6.9999999999999991 12.999999999999996 6.9999999999999982 355 16.000000000000004 4.9999999999999991 5.0000000000000018 4 2.9999999999999991
leaf_count=4 2569 5 3 12 3 7 13 7 355 16 5 5 4 3
internal_value=-2.32299e-08 1.99712 12.551 1.33751 0.870051 11.1049 3.02482 14.5008 0.517835 0.355912 6.44772 27.7928 0.00251973 9.14841
internal_weight=3011 442 26 416 397 19 16 10 387 383 21 10 362 7
internal_count=3011 442 26 416 397 19 16 10 387 383 21 10 362 7
is_linear=0
shrinkage=0.05


Tree=18
num_leaves=15
num_cat=0
split_feature=49 42 26 25 37 32 35 27 2 11 30 34 13 12
split_gain=773627 1.34623e+06 760155 554649 687009 496081 482914 455777 1.10646e+06 360499 824524 313266 291530 257080
threshold=0.11441813109879827 0.070711341043346712 0.076594760949813226 0.22226511398645682 -1.0000000180025095e-35 0.25633693975281285 -0.081786167775774729 0.37797577282721934 109.50000000000001 -0.085672318016866755 -0.23747997277373456 0.080812223758823146 0.15880353585246901 0.16919521795350842
decision_type=2 2 2 2 2 2 2 2 2 2 2 2 2 2
left_child=1 2 3 5 -5 -1 -3 13 -9 10 -8 -11 -12 -2
right_child=7 6 -4 4 -6 -7 9 8 -10 11 12 -13 -14 -15
leaf_value=0.20849589687772097 -0.36151871441793426 25.322555837631228 16.318088197708132 2.3760358428955071 32.641728719075523 20.63584238688151 34.271175384521477 35.755457051595066 -0.53800016811915796 1.5787524002439834 -0.92491727828979509 14.86770566304525 18.790731302897129 14.283570925394693
leaf_weight=320 2619 4.9999999999999991 7.9999999999999991 5.0000000000000009 2.9999999999999991 2.9999999999999991 4 2.9999999999999982 7 17.000000000000004 4.9999999999999982 5.9999999999999991 3 2.9999999999999991
leaf_count=320 2619 5 8 5 3 3 4 3 7 17 5 6 3 3
internal_value=-1.06827e-08 2.11205 1.08843 0.720337 13.7257 0.398224 10.7873 -0.304129 10.35 8.71078 15.736 5.04544 6.46845 -0.344762
internal_weight=3011 379 339 331 8 323 40 2632 10 35 12 23 8 2622
internal_count=3011 379 339 331 8 323 40 2632 10 35 12 23 8 2622
is_linear=0
shrinkage=0.05


Tree=19
num_leaves=15
num_cat=0
split_feature=14 2 29 27 49 18 35 33 16 44 27 28 36 11
split_gain=699561 780765 484969 424970 424574 1.11961e+06 1.11513e+06 1.00385e+06 478869 580422 478196 940903 289332 247051
threshold=-0.070889169393617543 95.500000000000014 0.17798275804606231 0.28539144430081687 0.07415146371300875 -0.071711601205623407 -0.1267130605744014 -1.0000000180025095e-35 -0.098847758404367589 0.15471688050240182 0.37797577282721934 -0.061546076640607919 0.067529268636081094 -0.10763406280442236
decision_type=2 2 2 2 2 2 2 2 2 2 2 2 2 2
left_child=1 2 3 -1 5 6 -2 -7 -8 13 -6 -12 -3 -10
right_child=4 12 -4 -5 10 7 8 -9 9 -11 11 -13 -14 -15
leaf_value=-1.2710005998611453 38.036744181315107 0.52831804487440326 29.965506744384768 17.814590672084261 -0.35900425200611696 29.118094889322919 3.3076077845963567 0.037165380035438678 31.896513875325521 -5.1511038462320968 33.967682902018218 1.1329675495624545 16.690083058675132 15.071541833877564
leaf_weight=4.9999999999999982 2.9999999999999991 36 3.9999999999999991 7 2618 2.9999999999999991 33 274 2.9999999999999991 2.9999999999999991 3 7.9999999999999982 2.9999999999999991 7.9999999999999991
leaf_count=5 3 36 4 7 2618 3 33 274 3 3 3 8 3 8
internal_value=-1.06887e-08 5.58725 14.8881 9.86226 -0.103958 1.59513 8.4814 0.352121 6.59489 14.3435 -0.315293 10.0879 1.77153 19.6602
internal_weight=3011 55 16 12 2956 327 50 277 47 14 2629 11 39 11
internal_count=3011 55 16 12 2956 327 50 277 47 14 2629 11 39 11
is_linear=0
shrinkage=0.05


end of trees

feature_importances:
embedding_07=20
embedding_10=20
a2_score=17
prompt_approx_tokens=17
embedding_32=16
embedding_45=16
embedding_23=15
embedding_08=11
embedding_01=10
embedding_27=10
embedding_12=9
embedding_21=9
embedding_22=9
embedding_43=9
embedding_09=7
embedding_30=6
embedding_35=6
embedding_11=5
embedding_13=5
embedding_16=5
embedding_26=5
embedding_00=4
embedding_29=4
embedding_31=4
embedding_34=4
embedding_05=3
embedding_14=3
embedding_24=3
embedding_37=3
embedding_38=3
embedding_06=2
embedding_25=2
embedding_28=2
embedding_36=2
embedding_41=2
embedding_46=2
embedding_02=1
embedding_03=1
embedding_04=1
embedding_17=1
embedding_18=1
embedding_19=1
embedding_20=1
embedding_33=1
embedding_40=1
embedding_42=1

parameters:
[boosting: gbdt]
[objective: regression]
[metric: rmse]
[tree_learner: serial]
[device_type: cpu]
[data_sample_strategy: bagging]
[data: ]
[valid: ]
[num_iterations: 20]
[learning_rate: 0.05]
[num_leaves: 15]
[num_threads: 1]
[seed: 23]
[deterministic: 0]
[force_col_wise: 1]
[force_row_wise: 0]
[histogram_pool_size: -1]
[max_depth: -1]
[min_data_in_leaf: 3]
[min_sum_hessian_in_leaf: 0.001]
[bagging_fraction: 1]
[pos_bagging_fraction: 1]
[neg_bagging_fraction: 1]
[bagging_freq: 0]
[bagging_seed: 25556]
[bagging_by_query: 0]
[feature_fraction: 1]
[feature_fraction_bynode: 1]
[feature_fraction_seed: 31605]
[extra_trees: 0]
[extra_seed: 3808]
[early_stopping_round: 0]
[early_stopping_min_delta: 0]
[first_metric_only: 0]
[max_delta_step: 0]
[lambda_l1: 0]
[lambda_l2: 0]
[linear_lambda: 0]
[min_gain_to_split: 0]
[drop_rate: 0.1]
[max_drop: 50]
[skip_drop: 0.5]
[xgboost_dart_mode: 0]
[uniform_drop: 0]
[drop_seed: 6130]
[top_rate: 0.2]
[other_rate: 0.1]
[min_data_per_group: 100]
[max_cat_threshold: 32]
[cat_l2: 10]
[cat_smooth: 10]
[max_cat_to_onehot: 4]
[top_k: 20]
[monotone_constraints: ]
[monotone_constraints_method: basic]
[monotone_penalty: 0]
[feature_contri: ]
[forcedsplits_filename: ]
[refit_decay_rate: 0.9]
[cegb_tradeoff: 1]
[cegb_penalty_split: 0]
[cegb_penalty_feature_lazy: ]
[cegb_penalty_feature_coupled: ]
[path_smooth: 0]
[interaction_constraints: ]
[verbosity: -1]
[saved_feature_importance_type: 0]
[use_quantized_grad: 0]
[num_grad_quant_bins: 4]
[quant_train_renew_leaf: 0]
[stochastic_rounding: 1]
[linear_tree: 0]
[max_bin: 255]
[max_bin_by_feature: ]
[min_data_in_bin: 3]
[bin_construct_sample_cnt: 200000]
[data_random_seed: 113]
[is_enable_sparse: 1]
[enable_bundle: 1]
[use_missing: 1]
[zero_as_missing: 0]
[feature_pre_filter: 1]
[pre_partition: 0]
[two_round: 0]
[header: 0]
[label_column: ]
[weight_column: ]
[group_column: ]
[ignore_column: ]
[categorical_feature: ]
[forcedbins_filename: ]
[precise_float_parser: 0]
[parser_config_file: ]
[objective_seed: 16714]
[num_class: 1]
[is_unbalance: 0]
[scale_pos_weight: 1]
[sigmoid: 1]
[boost_from_average: 1]
[reg_sqrt: 0]
[alpha: 0.9]
[fair_c: 1]
[poisson_max_delta_step: 0.7]
[tweedie_variance_power: 1.5]
[lambdarank_truncation_level: 30]
[lambdarank_norm: 1]
[label_gain: ]
[lambdarank_position_bias_regularization: 0]
[eval_at: ]
[multi_error_top_k: 1]
[auc_mu_weights: ]
[num_machines: 1]
[local_listen_port: 12400]
[time_out: 120]
[machine_list_filename: ]
[machines: ]
[gpu_platform_id: -1]
[gpu_device_id: -1]
[gpu_device_id_list: ]
[gpu_use_dp: 0]
[num_gpu: 1]

end of parameters

pandas_categorical:null
