tree
version=v4
num_class=1
num_tree_per_iteration=1
label_index=0
max_feature_idx=51
objective=binary sigmoid:1
feature_names=a2_score has_code_fence prompt_approx_tokens prompt_chars embedding_00 embedding_01 embedding_02 embedding_03 embedding_04 embedding_05 embedding_06 embedding_07 embedding_08 embedding_09 embedding_10 embedding_11 embedding_12 embedding_13 embedding_14 embedding_15 embedding_16 embedding_17 embedding_18 embedding_19 embedding_20 embedding_21 embedding_22 embedding_23 embedding_24 embedding_25 embedding_26 embedding_27 embedding_28 embedding_29 embedding_30 embedding_31 embedding_32 embedding_33 embedding_34 embedding_35 embedding_36 embedding_37 embedding_38 embedding_39 embedding_40 embedding_41 embedding_42 embedding_43 embedding_44 embedding_45 embedding_46 embedding_47
feature_infos=[1.3968763870504013:1.5759229424759753] none [8:965] [34:3860] [-0.41087217443874041:0.61782155193190347] [-0.48471791416315496:0.50738849249045237] [-0.58520573598065284:0.1637091018140116] [-0.457495710997814:0.48970210687439175] [-0.41646336503628284:0.36980013081681939] [-0.46164353574848277:0.27910827799011501] [-0.49030428616306426:0.35382651028683815] [-0.41130179815941625:0.42628184178677897] [-0.7761441759351253:0.25514595333753737] [-0.25087260300212721:0.56200266417119338] [-0.38669459561826541:0.57796492950336786] [-0.48622141449773226:0.48730810225589299] [-0.55001909821692674:0.39036002917941331] [-0.23408229439226114:0.70149986857704305] [-0.3596943895981084:0.42459591394742019] [-0.3481553119113957:0.47546492756792713] [-0.3245134270208202:0.52075564392329554] [-0.39082557499682519:0.32882426898275152] [-0.41281254969226883:0.45401858887714786] [-0.49763795114508702:0.41301708893558936] [-0.53839652650374503:0.42173074971558477] [-0.30845685446746224:0.51089105201080265] [-0.40388187304691769:0.36099410255771208] [-0.2290393337255473:0.6393508022779113] [-0.40927275453502904:0.33633639699815621] [-0.42444648726183282:0.25630729731502827] [-0.73874861306336814:0.21031022607861385] [-0.4681734716045628:0.40689422938557973] [-0.30599503068105227:0.41130179815941625] [-0.2520988421229669:0.59213690821293896] [-0.43249857361756672:0.4493247650413843] [-0.64379044019311227:0.34731435582359393] [-0.48314531438551706:0.27044936151312532] [-0.3576777653141881:0.55381861969499646] [-0.5121475197315839:0.33776026473659926] [-0.53951250094920478:0.43748483228844198] [-0.63167616570923679:0.68475227121768012] [-0.48949020986880254:0.48218561322280346] [-0.46114398896535042:0.38087317795088099] [-0.44766148103584524:0.36014120303280989] [-0.39773369280899523:0.42008402520840299] [-0.48434471241406046:0.48800932206302489] [-0.75925660236529657:0.33806170189140661] [-0.51314236049113426:0.3563249516154553] [-0.43560684186903209:0.43070552164653242] [-0.42111744380615784:0.62985816774525505] [-0.35666297896665838:0.37577968896651326] [-0.51047656089015592:0.41650600860529929]
tree_sizes=1693 1745 1742 1748 1749 1738 1733 1739 1736 1748 1744 1752 1740 1748 1739 1752 1749 1747 1749 1751 1762 1745 1752 1747 1757 1741 1757 1750 1743 1745

Tree=0
num_leaves=15
num_cat=0
split_feature=49 12 47 32 42 35 50 2 45 27 2 12 46 17
split_gain=285.146 37.7119 24.999 19.2667 23.6876 18.5809 21.9359 18.1056 17.4867 14.9968 16.3482 14.7483 14.6722 13.8615
threshold=0.056364557716528013 -0.29881700433772729 -0.17038921516684752 0.04602880837278972 0.080944649096377566 -1.0000000180025095e-35 0.055385072991728013 235.50000000000003 -0.058658882632214915 0.11200777761858077 240.50000000000003 -0.14798389296337841 0.095782817472032419 0.19256165503675526
decision_type=2 2 2 2 2 2 2 2 2 2 2 2 2 2
left_child=1 -1 7 8 9 6 -3 13 -4 10 12 -11 -5 -2
right_child=2 5 3 4 -6 -7 -8 -9 -10 11 -12 -13 -14 -15
leaf_value=0.44647967352915963 0.4197285316696483 0.44822670641137857 0.44365309481075577 0.42312402768499524 0.39674747081532724 0.30721519288994809 0.30373876784767151 0.50273413233660946 0.40062825842165439 0.45434968375226803 0.46398933951558441 0.39351281296370372 0.46284460700041774 0.36138889550108438
leaf_weight=6.2217290401458731 17.468700766563416 5.5038372278213483 34.69810426235199 199.09532928466797 33.023023366928101 59.585020422935486 5.0252426862716675 3.5894590616226187 73.942856669425964 184.97679030895233 36.133887887001038 10.529079914093016 26.322699785232544 24.408321619033813
leaf_count=26 73 23 145 832 138 249 21 15 309 773 151 44 110 102
internal_value=0.419878 0.328504 0.430705 0.43342 0.437643 0.318035 0.379267 0.394962 0.41437 0.440598 0.432767 0.451073 0.427762 0.385725
internal_weight=720.524 76.3358 644.188 598.722 490.081 70.1141 10.5291 45.4665 108.641 457.058 261.552 195.506 225.418 41.877
internal_count=3011 319 2692 2502 2048 293 44 190 454 1910 1093 817 942 175
is_linear=0
shrinkage=1


Tree=1
num_leaves=15
num_cat=0
split_feature=49 12 3 32 18 42 35 43 51 12 16 22 16 30
split_gain=254.6 33.9736 26.9107 29.8199 23.0076 20.9383 19.5067 16.274 15.5227 15.335 17.9771 15.1057 14.0644 15.1813
threshold=0.07415146371300875 -0.30029892228583033 922.00000000000011 0.044367889943113199 0.1085362605238638 -0.038749245674796186 -1.0000000180025095e-35 0.037608983583584735 -0.079555803108759857 -0.22379649135319149 -0.049507488676537911 -0.05521595550146511 -0.092499497690377172 -0.27399323333609388
decision_type=2 2 2 2 2 2 2 2 2 2 2 2 2 2
left_child=1 -1 3 4 7 9 11 -2 -9 -5 -11 -3 -7 -14
right_child=2 6 -4 5 -6 12 -8 8 -10 10 -12 -13 13 -15
leaf_value=0.024064452135700104 0.0082687476574360898 -0.083871399568969038 0.037661341249215476 0.024267018851460011 -0.08168503780920415 0.013671310599698495 -0.10282027477183889 0.048566864802887862 -0.054179212466916815 0.018156040540300383 -0.049472782477717948 0.027699087147692116 -0.044668123161420374 -0.0010876138519331127
leaf_weight=6.9014888405799857 49.387970864772797 6.7899126559495926 81.13518200814724 260.1205642670393 12.72188290953636 74.02703832089901 64.153251379728317 4.3181602060794857 24.719656422734261 24.837318450212479 16.259098216891289 5.4840982705354673 30.164867386221886 59.203544661402702
leaf_count=29 206 28 341 1091 53 310 263 18 103 104 68 23 126 248
internal_value=9.28987e-06 -0.0821775 0.0107623 0.00683529 -0.0193135 0.0119652 -0.0917713 -0.0091959 -0.0389 0.0197828 -0.00860015 -0.0340211 -0.00244653 -0.0157975
internal_weight=720.224 83.3288 636.895 555.76 91.1477 464.612 76.4273 78.4258 29.0378 301.217 41.0964 12.274 163.395 89.3684
internal_count=3011 343 2668 2327 380 1947 314 327 121 1263 172 51 684 374
is_linear=0
shrinkage=0.05


Tree=2
num_leaves=15
num_cat=0
split_feature=49 12 3 7 47 46 42 24 22 37 46 5 2 28
split_gain=227.589 30.0203 24.5989 28.0847 18.0598 17.9505 17.0723 16.1671 13.5001 13.099 12.5949 12.81 14.2954 14.2433
threshold=0.07415146371300875 -0.30029892228583033 922.00000000000011 -0.044367889943113185 -0.15776891650706221 0.048336923404054745 -0.04632418545714579 -0.049876508466085601 0.16813273749549587 1.0000000180025095e-35 0.076947695489832088 -1.0000000180025095e-35 52.500000000000007 0.036961089415210681
decision_type=2 2 2 2 2 2 2 2 2 2 2 2 2 2
left_child=1 9 3 6 -5 -3 -2 8 -8 -1 11 12 -6 -13
right_child=2 5 -4 4 10 -7 7 -9 -10 -11 -12 13 -14 -15
leaf_value=-0.099348133074215472 0.022217503278621081 -0.09360212433215423 0.036095017819447461 -0.055184443230307502 0.081615665072296339 -0.0086034845169091143 -0.081754806195740284 0.0051129197764130047 0.083128795770228775 0.061985321106348926 0.027044439701578757 -0.013155951211202353 -0.053442483622708051 0.031320634841788736
leaf_weight=1.6591921299695958 239.93187725543976 70.53224016726017 80.441090479493141 19.747061729431152 2.1354337483644512 6.8112896531820288 9.1005042493343336 130.89502759277821 1.4375304132699955 5.2050450891256332 26.394516885280609 78.012510895729065 23.750330165028572 23.399995222687721
leaf_count=7 1010 286 341 82 9 28 38 548 6 22 111 326 99 98
internal_value=1.64885e-05 -0.0772229 0.0102553 0.00650879 -0.0101725 -0.0861167 0.0140952 0.000316376 -0.0592625 0.0229885 -0.00438923 -0.0109068 -0.0423009 -0.00289339
internal_weight=719.454 84.2078 635.246 554.805 173.44 77.3435 381.365 141.433 10.538 6.86424 153.693 127.298 25.8858 101.413
internal_count=3011 343 2668 2327 725 314 1602 592 44 29 643 532 108 424
is_linear=0
shrinkage=0.05


Tree=3
num_leaves=15
num_cat=0
split_feature=49 12 3 32 18 16 35 12 46 10 43 51 27 22
split_gain=204.203 26.7025 22.4952 25.9724 19.9004 18.6744 16.6057 16.3951 14.9157 14.8304 14.3356 13.6519 13.1224 13.0631
threshold=0.07415146371300875 -0.30029892228583033 922.00000000000011 0.044367889943113199 0.1085362605238638 -0.04445548755871561 -1.0000000180025095e-35 -0.28826049159178141 0.1047415787454775 -0.093048584517279528 0.037608983583584735 -0.079555803108759857 0.11200777761858077 -0.05521595550146511
decision_type=2 2 2 2 2 2 2 2 2 2 2 2 2 2
left_child=1 -1 3 4 10 12 13 -7 9 -9 -2 -12 -5 -3
right_child=2 6 -4 5 -6 7 -8 8 -10 -11 11 -13 -14 -15
leaf_value=0.022013201319843551 0.0077808187872674406 -0.073929915827150097 0.034603452877541588 0.0080974420928897461 -0.07561172940236581 0.013492005803863935 -0.091229311828358015 0.043100813829026315 0.046492186417682588 -0.038342025561340233 0.046280214575915524 -0.050508032266181793 0.028035555877966547 0.029153761067337219
leaf_weight=6.8193719089031211 49.274815946817398 6.9341941624879837 79.731365010142326 178.60178533196449 12.935005158185957 62.365327432751656 65.486838668584824 6.2265663146972647 7.1158164143562308 54.649709448218346 4.264824345707896 24.997362941503525 153.40976466238499 5.5196924358606321
leaf_count=29 206 28 341 751 53 263 263 26 30 228 18 103 649 23
internal_value=2.17462e-05 -0.0728636 0.00977244 0.00619775 -0.0181458 0.0110137 -0.0811648 -0.00502271 -0.0220052 -0.0300119 -0.00868116 -0.0364016 0.0173101 -0.0282422
internal_weight=718.332 84.7601 633.572 553.841 91.472 462.369 77.9407 130.357 67.9921 60.8763 78.537 29.2622 332.012 12.4539
internal_count=3011 343 2668 2327 380 1947 314 547 284 254 327 121 1400 51
is_linear=0
shrinkage=0.05


Tree=4
num_leaves=15
num_cat=0
split_feature=49 5 47 33 43 42 19 18 46 5 23 12 10 49
split_gain=184.273 23.8136 20.1719 18.0056 15.2352 14.9757 19.6053 17.3873 15.1569 17.9607 13.6734 12.0158 15.5152 15.9055
threshold=0.056364557716528013 -0.2957440344198648 -0.17038921516684752 0.23288111015607202 0.066154387430319914 -0.046028808372789706 0.081992353571162011 -0.14104582747744551 -0.033077193715159943 -0.031702323378953207 0.07044703603295023 -0.28752710054756947 0.045454618218989502 0.31449895230243813
decision_type=2 2 2 2 2 2 2 2 2 2 2 2 2 2
left_child=1 -1 4 -3 -2 7 10 -4 9 -8 -7 -10 13 -13
right_child=2 3 5 -5 -6 6 8 -9 11 -11 -12 12 -14 -15
leaf_value=0.051744998241883403 -0.0033118487134518476 -0.081737109082689025 -0.046773672232524405 0.084002240744536771 -0.065287240688442452 0.0010102819960333587 -0.085939937847252068 0.021185215859989406 0.059842695895764991 0.010825045914343081 -0.031068908002968548 0.030351256884366257 0.053607340174998276 -0.042595282773972253
leaf_weight=3.7075834274291983 31.111641198396683 73.696094661951065 9.718013256788252 1.6759566217660893 14.555615618824957 137.90795516967773 6.2061563432216671 298.85296455025673 25.950429290533066 21.096438646316528 43.757561787962914 15.608027696609499 18.561416685581207 14.336810380220411
leaf_count=16 130 296 41 7 60 579 26 1269 110 89 183 66 79 60
internal_value=2.53448e-05 -0.0719664 0.00895338 -0.0780518 -0.0230654 0.0114233 0.00312553 0.0190449 0.0206962 -0.0111706 -0.0067166 0.0323814 0.0176899 -0.00457365
internal_weight=716.743 79.0796 637.663 75.3721 45.6673 591.996 283.425 308.571 101.759 27.3026 181.666 74.4567 48.5063 29.9448
internal_count=3011 319 2692 303 190 2502 1192 1310 430 115 762 315 205 126
is_linear=0
shrinkage=0.05


Tree=5
num_leaves=15
num_cat=0
split_feature=49 12 3 7 47 46 42 24 48 5 37 13 22 27
split_gain=166.639 21.8606 20.1142 23.3925 15.0838 14.7374 14.1964 14.2568 12.7432 19.8061 13.2098 12.4867 11.9753 11.7169
threshold=0.07415146371300875 -0.30029892228583033 922.00000000000011 -0.044367889943113185 -0.15776891650706221 0.048336923404054745 -0.04632418545714579 -0.049876508466085601 0.024992249662766659 0.080167665538838237 0.23321934357214488 0.030657789566993575 0.16813273749549587 0.1574795052580375
decision_type=2 2 2 2 2 2 2 2 2 2 2 2 2 2
left_child=1 -1 3 6 -5 -3 13 12 9 -4 -10 -9 -8 -2
right_child=2 5 8 4 -6 -7 7 11 10 -11 -12 -13 -14 -15
leaf_value=0.020604648062412356 0.014235321266200083 -0.079917063340483929 0.028054840539905819 -0.050533946145197788 -0.0043650132982584666 -0.0032385684564637642 -0.076426936408044391 0.073865106476703052 0.055991189211357963 -0.06811924822394945 -0.13409273060784263 0.001022209712353253 0.08014710404937378 0.041536102601643358
leaf_weight=6.7504194229841223 187.27271695435047 71.298708036541939 30.884574100375175 19.996228709816933 153.45328333973885 6.8701505213975897 9.2334416657686216 6.175616279244422 40.358156219124794 6.4757839739322653 0.93517647683620353 124.24371318519115 1.4073298424482334 49.739063277840614
leaf_count=29 797 286 134 82 643 28 38 26 175 28 4 522 6 213
internal_value=2.84016e-05 -0.0657229 0.00888872 0.00551532 -0.00968763 -0.0731779 0.01249 -6.89391e-05 0.0325431 0.0113847 0.0516863 0.00447147 -0.0557187 0.0199646
internal_weight=715.094 84.9193 630.175 551.521 173.45 78.1689 378.072 141.06 78.6537 37.3604 41.2933 130.419 10.6408 237.012
internal_count=3011 343 2668 2327 725 314 1602 592 341 162 179 548 44 1010
is_linear=0
shrinkage=0.05


Tree=6
num_leaves=15
num_cat=0
split_feature=49 5 47 35 50 2 32 42 45 27 12 17 2 42
split_gain=150.893 19.9271 17.2314 16.7616 14.8919 13.889 13.8632 18.0179 13.8288 12.587 12.2766 12.1344 11.546 14.9937
threshold=0.056364557716528013 -0.2957440344198648 -0.17038921516684752 -1.0000000180025095e-35 0.055385072991728013 235.50000000000003 0.04602880837278972 0.080944649096377566 -0.058658882632214915 0.11200777761858077 -0.14798389296337841 0.19256165503675526 278.50000000000006 -0.12329599673395729
decision_type=2 2 2 2 2 2 2 2 2 2 2 2 2 2
left_child=1 -1 5 4 -3 11 8 9 -4 12 -11 -2 -8 -14
right_child=2 3 6 -5 -6 -7 7 -9 -10 10 -12 -13 13 -15
leaf_value=0.049174759031291648 0.0025945288420076789 0.034117264866661855 0.020651413483884891 -0.08128988035744654 -0.07517180733216855 0.076135827872694448 0.0058433425834655862 -0.02150437132988969 -0.017856082525475252 0.029531484978669705 -0.026039785983300645 -0.051661690539892204 -0.10754520183975767 0.049570609840025391
leaf_weight=3.6313836574554434 17.608642265200615 6.5521135330200178 34.019628167152405 62.678007960319519 5.945309579372406 3.381294608116149 229.68270999193192 33.124064907431602 74.094127804040909 179.7906451523304 10.519964292645453 24.846304625272751 1.6140729188919092 25.638158544898033
leaf_count=16 73 27 145 252 24 15 973 138 309 773 44 102 7 113
internal_value=3.05871e-05 -0.0652215 0.00813739 -0.0707474 -0.017874 -0.0213909 0.0104373 0.014078 -0.00573912 0.0167134 0.0264596 -0.0291583 0.00949434 0.0402651
internal_weight=713.126 78.8068 634.32 75.1754 12.4974 45.8362 588.483 480.37 108.114 447.246 190.311 42.4549 256.935 27.2522
internal_count=3011 319 2692 303 51 190 2502 2048 454 1910 817 175 1093 120
is_linear=0
shrinkage=0.05


Tree=7
num_leaves=15
num_cat=0
split_feature=49 12 2 32 18 16 12 46 10 46 48 5 43 37
split_gain=137.507 18.0703 17.683 21.5417 16.7656 16.0221 15.1493 13.3628 13.3395 13.0968 12.2197 15.3039 12.0856 11.7015
threshold=0.07415146371300875 -0.30029892228583033 222.50000000000003 0.044367889943113199 0.1085362605238638 -0.04445548755871561 -0.28826049159178141 0.11227424301126611 -0.093048584517279528 0.066331252578033517 0.024992249662766659 0.080167665538838237 0.037608983583584735 0.23321934357214488
decision_type=2 2 2 2 2 2 2 2 2 2 2 2 2 2
left_child=1 -1 3 4 12 -5 -7 8 -8 -3 11 -4 -2 -12
right_child=2 9 10 5 -6 6 7 -9 -10 -11 13 -13 -14 -15
leaf_value=0.019016146159863731 0.0067322298032327157 -0.072126849167985493 0.02444341134494275 0.015194386157835155 -0.069677475685595514 0.012406961995272324 0.040846172265708032 0.047490287614942762 -0.036850332147547453 0.012224815850946907 0.052938919889062422 -0.058132667993963605 -0.033929321484424721 -0.12334336539276412
leaf_weight=6.665443241596221 48.688422486186028 72.569793537259102 31.366832032799721 327.23494778573513 13.092686802148817 61.121793150901794 6.1393324136734 6.284386917948722 55.144461244344711 4.9132674485445014 40.587897479534149 6.8332641273736945 29.254512920975685 0.96373243629932304
leaf_count=29 204 294 138 1397 53 261 26 27 229 20 180 29 120 4
internal_value=3.15034e-05 -0.0599822 0.00808953 0.00488248 -0.0173237 0.00931643 -0.00563012 -0.0219464 -0.0290668 -0.066778 0.0300844 0.00967214 -0.00852937 0.0488503
internal_weight=710.861 84.1485 626.712 546.961 91.0356 455.925 128.69 67.5682 61.2838 77.4831 79.7517 38.2001 77.9429 41.5516
internal_count=3011 343 2668 2317 377 1940 543 282 255 314 351 167 324 184
is_linear=0
shrinkage=0.05


Tree=8
num_leaves=15
num_cat=0
split_feature=49 6 35 47 43 33 19 21 11 22 28 16 12 50
split_gain=124.946 16.5879 19.2972 16.396 21.1687 17.2942 14.8253 14.647 11.9549 11.4759 11.4622 11.4437 11.3342 11.1739
threshold=0.07415146371300875 0.083689328922581324 -1.0000000180025095e-35 -0.10721158546672081 0.07905045323700402 0.37258477652737126 0.05812406814626208 -0.17590029550885808 -0.11537406868938606 0.089087212155769466 0.10976463342805039 -0.31776256391092178 -0.46094400587373963 0.26250913633567668
decision_type=2 2 2 2 2 2 2 2 2 2 2 2 2 2
left_child=1 2 6 4 5 8 -1 -5 -2 -6 12 -9 -10 -13
right_child=3 -3 -4 7 9 -7 -8 11 10 -11 -12 13 -14 -15
leaf_value=-0.052478830850548747 -0.055873764913003998 0.030556105764379143 -0.07461669313281262 -0.030730633122383361 -0.080668825317500026 -0.069857415153857821 0.0519066092550323 -0.046771381179711358 -0.10456928985098635 -0.0080561551996540647 -0.077409729171960873 0.014917040833601692 0.019652425196729745 -0.088533212167715619
leaf_weight=8.3656523227691633 6.858930066227912 5.0392699390649787 64.441677242517471 19.588880449533463 13.890828132629396 7.8517191112041465 5.7321161776781073 7.7832602113485327 1.8811022043228138 8.9452853202819806 3.3744329065084449 474.99414126574993 77.038912788033485 2.6246603727340689
leaf_count=34 29 22 263 81 57 33 24 33 8 37 14 2037 328 11
internal_value=3.23557e-05 -0.0573822 -0.0630245 0.00771223 -0.00891408 0.00128186 -0.010036 0.0116579 0.00754708 -0.0522252 0.012833 0.0133685 0.0166915 0.0143486
internal_weight=708.411 83.5787 78.5394 624.832 119.841 97.0051 14.0978 504.991 89.1534 22.8361 82.2944 485.402 78.92 477.619
internal_count=3011 343 321 2668 506 412 58 2162 379 94 350 2081 336 2048
is_linear=0
shrinkage=0.05


Tree=9
num_leaves=15
num_cat=0
split_feature=49 3 7 35 5 46 42 24 4 31 32 9 16 18
split_gain=114.003 18.4418 19.8904 16.4645 18.0255 13.0224 11.9512 13.0082 11.9545 13.5203 11.4372 10.6681 11.2254 10.7158
threshold=0.093266586136931076 922.00000000000011 -0.044367889943113185 -1.0000000180025095e-35 -0.2957440344198648 0.076947695489832088 -0.04632418545714579 -0.049876508466085601 -0.047565240716802799 -0.17602434014420346 0.065077558455021986 -0.20421685354465005 -0.056077423362879228 -0.19351925878813273
decision_type=2 2 2 2 2 2 2 2 2 2 2 2 2 2
left_child=3 2 6 10 -5 -4 11 -8 -9 -10 -1 12 -2 -13
right_child=1 -3 5 4 -6 -7 7 8 9 -11 -12 13 -14 -15
leaf_value=-0.039837573159072097 0.039227431275948278 0.030841633829479766 -0.015637058182106922 0.045762837239308331 -0.070411325278244133 0.022265024587739771 -0.053844550940775032 -0.014153071446585359 -0.046219964059950297 0.023829247621727542 0.048572989808761555 -0.086026030018063415 -0.093557401864989301 0.020683226009208886
leaf_weight=10.216155186295508 2.5399897396564484 74.429894059896469 145.57546067237854 3.5164320468902579 66.151347354054451 26.84080371260643 10.661620378494261 54.647041484713554 7.6781671792268744 66.972284942865372 5.6984766125679007 2.3775825202465048 4.2629566341638556 224.47981005907059
leaf_count=42 11 333 607 16 273 115 44 231 32 284 24 10 18 971
internal_value=3.1813e-05 0.00749363 0.00431107 -0.0540657 -0.0645475 -0.00973667 0.0107938 -0.000760787 0.0036164 0.0166243 -0.00818082 0.0177148 -0.04398 0.0195649
internal_weight=706.048 620.466 546.036 85.5824 69.6678 172.416 373.619 139.959 129.297 74.6505 15.9146 233.66 6.80295 226.857
internal_count=3011 2656 2323 355 289 722 1601 591 547 316 66 1010 29 981
is_linear=0
shrinkage=0.05


Tree=10
num_leaves=15
num_cat=0
split_feature=49 5 47 28 33 46 37 33 45 12 31 18 35 40
split_gain=104.259 14.3519 13.8578 18.6145 13.5827 12.7597 12.1399 16.9377 12.7482 11.5742 11.1688 12.4539 13.5666 13.515
threshold=0.056364557716528013 -0.2957440344198648 -0.10721158546672081 0.10976463342805039 0.23288111015607202 -0.029737876552382705 0.046625323042097953 0.28826840382572261 0.088906109430298766 -0.22379649135319149 -0.10101550097294917 0.055048377817464203 -0.22618561596001055 -0.038069619252852543
decision_type=2 2 2 2 2 2 2 2 2 2 2 2 2 2
left_child=1 -1 3 6 -3 -4 7 8 -2 -5 11 12 -7 -14
right_child=2 4 5 9 -6 10 -8 -9 -10 -11 -12 -13 13 -15
leaf_value=0.044210959425260106 0.0052834675201352717 -0.063317694131876393 -0.0028714204813170235 -0.093769272914258114 0.082493802087152693 -0.11486434130096375 0.012764739781828802 -0.069990417444090555 -0.093291813329472784 0.087723963315209541 0.019349977091246973 0.041386809686539502 0.014794224170561096 -0.034768054583919877
leaf_weight=3.4593391418457022 35.193362012505531 70.88361881673336 134.17533093690872 8.6274834722280485 1.633951649069785 3.0606362521648398 59.036039978265762 12.923838153481482 3.6169287562370291 0.97801893949508567 300.65896677970886 13.184882551431654 31.63422122597694 24.336272358894352
leaf_count=16 149 296 572 35 7 13 252 54 15 4 1302 57 136 103
internal_value=3.17978e-05 -0.055286 0.00673039 -0.0085204 -0.0600323 0.010351 -0.00273045 -0.0204127 -0.00390327 -0.0752899 0.0151089 -0.0025479 -0.0123609 -0.00675572
internal_weight=703.403 75.9769 627.426 120.376 72.5176 507.05 110.77 51.7341 38.8103 9.6055 372.875 72.216 59.0311 55.9705
internal_count=3011 319 2692 509 303 2183 470 218 164 39 1611 309 252 239
is_linear=0
shrinkage=0.05


Tree=11
num_leaves=15
num_cat=0
split_feature=49 3 5 47 32 35 5 31 18 16 42 26 18 13
split_gain=95.4318 16.5756 18.2811 16.6262 16.5225 15.0955 15.209 14.3489 16.254 14.3022 12.3269 12.6185 11.7439 11.4879
threshold=0.093266586136931076 922.00000000000011 0.04602880837278972 -0.17677694817843134 0.073030112517180307 -1.0000000180025095e-35 -0.2957440344198648 -1.0000000180025095e-35 0.10521483234935118 -0.10466686824428185 0.063484362563668587 -0.15964565399425726 -0.10075878777319457 0.1758914566907909
decision_type=2 2 2 2 2 2 2 2 2 2 2 2 2 2
left_child=5 2 4 -4 7 -1 -7 -2 -9 -6 11 -5 -11 -14
right_child=1 -3 3 10 9 6 -8 8 -10 12 -12 -13 13 -15
leaf_value=-0.0060514268030644148 -0.041652352519924246 0.029133493308611293 -0.030596138183535643 -0.074419730650195887 0.020734011190655207 0.042725093920020676 -0.065744105013349721 0.019673818358708798 -0.049065955466646327 -0.054520769468081681 -0.032618952127026805 0.020829327641010385 0.010192218089417268 -0.023759628468654845
leaf_weight=15.802234455943106 47.53957636654377 73.369380533695221 19.991025239229202 3.5308192968368521 72.111543923616409 3.4021348953247061 64.502623692154884 28.322576522827148 12.349402636289595 11.936339557170866 11.984492123126982 228.80238023400307 68.036644086241722 39.309291765093803
leaf_count=66 199 333 82 15 310 16 273 119 50 50 50 990 291 167
internal_value=3.14313e-05 0.00682502 0.00381579 0.0132439 -0.00509648 -0.0500667 -0.0603096 -0.0229999 -0.00119793 0.00315503 0.016831 0.0193818 -0.00747226 -0.0022407
internal_weight=700.99 617.283 543.914 264.309 279.605 83.707 67.9048 88.2116 40.672 191.394 244.318 232.333 119.282 107.346
internal_count=3011 2656 2323 1137 1186 355 289 368 169 818 1055 1005 508 458
is_linear=0
shrinkage=0.05


Tree=12
num_leaves=15
num_cat=0
split_feature=49 19 47 42 9 18 5 33 43 33 23 10 14 31
split_gain=87.492 12.694 17.2805 15.341 13.3473 12.8933 12.0357 12.2146 11.2967 11.7796 10.4088 12.4241 11.1076 16.1535
threshold=0.056364557716528013 0.092493993737775129 -0.11470833239352941 -0.046028808372789706 -0.057178050192689324 -0.11492862385509364 -0.2957440344198648 0.23288111015607202 0.04166218231734483 0.27541675838599528 0.07044703603295023 0.038465134904415527 0.092694019231058508 -0.088087810240204359
decision_type=2 2 2 2 2 2 2 2 2 2 2 2 2 2
left_child=6 2 4 5 -2 -4 -1 -8 9 -6 11 -5 13 -12
right_child=1 -3 3 10 8 -7 7 -9 -10 -11 12 -13 -14 -15
leaf_value=0.041298902547638683 -0.037258788171329396 0.01799188915293309 -0.045698406642326453 -0.010224966278055945 0.054957865442772473 0.018235456587064002 -0.058931027942303309 0.080633526460963001 -0.031915512963716822 -0.020915501078722948 -0.083973507788520474 0.021062310689114835 -0.042181903791853638 0.046441978590299055
leaf_weight=3.345108985900878 45.043696269392967 165.58848497271538 8.2177682220935804 78.418562442064285 13.482125967741014 195.16281071305275 69.04949614405632 1.6041442602872837 13.617820858955382 8.2433426082134229 3.1731277853250495 53.294091105461121 30.509810701012611 9.4323900043964368
leaf_count=16 188 723 35 333 58 855 296 7 57 35 13 227 128 40
internal_value=3.13426e-05 0.00612567 0.00184104 0.0063157 -0.0192115 0.0156522 -0.0513747 -0.0557623 0.00378899 0.0261691 -0.00454557 0.00243461 -0.0258693 0.0136131
internal_weight=698.183 624.184 458.596 378.209 80.387 203.381 73.9987 70.6536 35.3433 21.7255 174.828 131.713 43.1153 12.6055
internal_count=3011 2692 1969 1631 338 890 319 303 150 93 741 560 181 53
is_linear=0
shrinkage=0.05


Tree=13
num_leaves=15
num_cat=0
split_feature=49 16 19 32 18 16 6 49 31 18 25 28 13 39
split_gain=80.2575 12.7905 12.1408 14.0923 14.1225 14.0292 11.7345 11.6732 11.0734 12.9355 14.857 12.5295 12.1314 10.5521
threshold=1.0000000180025095e-35 -0.31776256391092178 0.15686438224230428 0.04602880837278972 -0.14104582747744551 -0.04445548755871561 0.083689328922581324 0.38932122228736693 -1.0000000180025095e-35 0.1085362605238638 0.072108957747137659 0.10976463342805039 0.30663062311069211 0.089264501367648033
decision_type=2 2 2 2 2 2 2 2 2 2 2 2 2 2
left_child=6 13 3 8 7 -6 -1 -5 12 11 -11 -10 -3 -2
right_child=1 2 -4 4 5 -7 -8 -9 9 10 -12 -13 -14 -15
leaf_value=-0.056980798823703174 -0.10990774515586453 -0.038566606685825247 0.025095928884788277 -0.080394070109344906 0.015228491561134556 -0.0048001767939733955 0.033639838151435751 0.012854411482592767 0.020452323308256332 0.065325813481899295 -0.076049569843944759 -0.10892866274100166 0.041240164022186235 -0.0038043410718489241
leaf_weight=63.471299424767494 4.3047832250595075 43.882219284772873 76.645521566271782 8.1327102184295637 300.47417928278446 123.31353734433651 3.7853686064481726 5.7144043892621985 42.388458430767059 2.365217685699462 8.6714305430650693 1.9576821625232685 5.3414272814989081 5.1425908654928207
leaf_count=277 18 183 339 34 1312 528 18 24 181 10 35 8 22 22
internal_value=3.10608e-05 0.00558765 0.00646904 0.00383614 0.00777698 0.00940056 -0.0518804 -0.0419124 -0.0126509 0.00268578 -0.045752 0.0147407 -0.0299065 -0.0521513
internal_weight=695.591 628.334 618.887 542.241 437.635 423.788 67.2567 13.8471 104.606 55.3828 11.0366 44.3461 49.2236 9.44737
internal_count=3011 2716 2676 2337 1898 1840 295 58 439 234 45 189 205 40
is_linear=0
shrinkage=0.05


Tree=14
num_leaves=15
num_cat=0
split_feature=49 2 7 35 5 30 16 12 39 5 16 22 30 48
split_gain=73.7451 14.5952 16.9826 13.974 12.0657 11.5173 16.1086 16.9351 16.5666 10.6734 13.1646 12.1443 10.6056 10.2138
threshold=0.093266586136931076 222.50000000000003 -0.041451379505190102 -1.0000000180025095e-35 -0.2957440344198648 -0.25512006715759422 -0.13388003798268946 -0.38808236823501158 0.039621589056544525 0.044455487558715624 0.15771446360254024 -1.0000000180025095e-35 -0.26280962339006941 0.024992249662766659
decision_type=2 2 2 2 2 2 2 2 2 2 2 2 2 2
left_child=3 2 5 -1 -5 6 12 -8 -9 -7 11 -11 -2 -3
right_child=1 13 -4 4 -6 9 7 8 -10 10 -12 -13 -14 -15
leaf_value=-0.002591984740036293 0.018803844209375392 0.0073117352887484268 -0.010538077877314006 0.038812573057003662 -0.060161160611331914 0.0031436364999317852 0.062012339475063273 0.032841287390849593 -0.032192545377239472 -0.035408409907192316 -0.10602499578993468 0.03129783728206241 -0.10107844703419336 0.044423929053981598
leaf_weight=15.66763763129711 71.60036464035511 35.461636796593666 160.69905313849449 3.241431236267089 61.569955378770828 90.611605122685432 6.3866074830293647 11.473825201392172 66.826719298958778 7.2360769957303992 1.8734999448060978 119.54725378751755 1.893651321530341 38.849885046482086
leaf_count=66 313 161 676 16 273 391 28 49 283 31 8 526 8 182
internal_value=3.0061e-05 0.00594284 0.00307462 -0.0449673 -0.0552112 0.00887022 -0.00141296 -0.0162771 -0.0226628 0.0162885 0.0255464 0.0274906 0.0157149 0.0267139
internal_weight=692.939 612.46 538.149 80.479 64.8114 377.45 158.181 84.6872 78.3005 219.268 128.657 126.783 73.494 74.3115
internal_count=3011 2656 2313 355 289 1637 681 360 332 956 565 557 321 343
is_linear=0
shrinkage=0.05


Tree=15
num_leaves=15
num_cat=0
split_feature=49 16 50 19 47 49 17 21 5 37 16 7 15 46
split_gain=67.9477 11.5248 10.8985 11.2093 15.0672 14.178 14.2104 15.2964 12.2963 12.2943 11.3435 12.6889 11.6803 10.3089
threshold=1.0000000180025095e-35 -0.31776256391092178 0.26250913633567668 0.081992353571162011 -0.11470833239352941 0.30610006066499534 0.28193377109053019 0.047457990064277859 0.029670998636239541 0.053300340404798675 -0.033297601083320652 0.12207775817844645 -0.12283006766794678 -0.033077193715159943
decision_type=2 2 2 2 2 2 2 2 2 2 2 2 2 2
left_child=-1 -2 3 4 9 6 7 -6 -8 -3 11 -10 -13 -5
right_child=1 2 -4 13 5 -7 8 -9 10 -11 -12 12 -14 -15
leaf_value=-0.048592896888277975 -0.04961445538535942 -0.035256452634194295 -0.078635853933974556 -0.0033437194229256092 -0.012058115717268057 0.012972293781676913 0.035290790548003374 -0.074835574022617424 0.02662661763124884 0.0054612705589169603 -0.065111154153337875 0.074784722803031251 -0.11214374466526496 0.023810365023542553
leaf_weight=65.07472762465477 9.4808343946933729 44.104133740067482 3.7860152423381797 47.063748076558113 40.235584244132042 246.51647987961769 24.607826739549637 12.787182033061979 16.407825022935874 31.981591463088989 7.6317571103572837 1.0985700190067289 3.4922403097152701 135.82992024719715
leaf_count=295 40 183 16 204 171 1078 108 54 70 137 32 5 15 603
internal_value=3.03326e-05 0.00509277 0.00593539 0.00645878 0.00203891 0.0063913 -0.00887603 -0.0271978 0.00937156 -0.0181413 -0.012906 0.00606745 -0.0674122 0.0168228
internal_weight=690.098 625.024 615.543 611.757 428.863 352.777 106.261 53.0228 53.2382 76.0857 28.6304 20.9986 4.59081 182.894
internal_count=3011 2716 2676 2660 1853 1533 455 225 230 320 122 90 20 807
is_linear=0
shrinkage=0.05


Tree=16
num_leaves=15
num_cat=0
split_feature=49 42 32 46 9 31 49 28 50 5 47 8 34 35
split_gain=62.155 10.533 12.006 11.3517 11.1015 10.801 13.4447 10.7613 10.3547 10.2925 10.2042 10.8971 12.582 11.4218
threshold=1.0000000180025095e-35 0.077607798487076149 0.04602880837278972 0.12082063704124872 0.044755763224765592 -0.042220234319945149 0.20049522319386939 0.070625258370807506 0.26250913633567668 -0.16114850713002657 -0.10783311492142042 -0.12692946484350312 -0.045083551575878449 -0.15063689587977355
decision_type=2 2 2 2 2 2 2 2 2 2 2 2 2 2
left_child=9 2 4 8 5 -2 -7 -8 10 -1 -4 12 -12 -14
right_child=1 -3 3 -5 -6 6 7 -9 -10 -11 11 -13 13 -15
leaf_value=0.031571473435310075 -0.030353428307666276 -0.018593403653874987 -0.0065907242822513205 0.043178413043529582 0.061669751509898188 -0.041658680418590076 0.022052245271030488 -0.046925674401737089 -0.082219864385265462 -0.051934171644210728 0.0061977741012253888 0.01845489108719529 0.035542143716300566 -0.068674530493880517
leaf_weight=3.9307534396648398 44.189558103680611 44.481321603059769 84.232146471738815 24.771125137805939 5.4818530529737464 14.102968618273733 45.196120604872704 6.4629449695348731 3.1306399405002585 60.253817602992058 88.462545067071915 248.44053536653519 3.4452083259820929 11.098046600818632
leaf_count=19 184 188 360 112 24 59 195 27 13 276 390 1101 15 48
internal_value=3.05262e-05 0.00485349 0.00665474 0.0102475 -0.00777377 -0.011236 0.00161015 0.0134226 0.00838852 -0.0468202 0.0090396 0.0127858 -0.000887641 -0.0439862
internal_weight=687.68 623.495 579.014 463.58 115.433 109.952 65.762 51.6591 438.809 64.1846 435.678 351.446 103.006 14.5433
internal_count=3011 2716 2528 2039 489 465 281 222 1927 295 1914 1554 453 63
is_linear=0
shrinkage=0.05


Tree=17
num_leaves=15
num_cat=0
split_feature=49 26 38 17 3 5 42 4 27 47 44 35 19 32
split_gain=57.0525 10.3009 12.5735 13.6075 10.478 16.2472 12.1309 11.517 11.3649 10.7634 11.7478 10.0734 9.75807 9.74866
threshold=1.0000000180025095e-35 -0.15964565399425726 -0.066929530189499736 0.3961082859008766 922.00000000000011 0.04602880837278972 0.15481852839203722 -0.17010584768107384 0.22579358798926866 -0.17677694817843134 -0.035875602398937063 -0.26895036861342964 -1.0000000180025095e-35 0.073030112517180307
decision_type=2 2 2 2 2 2 2 2 2 2 2 2 2 2
left_child=-1 2 12 -4 5 7 9 11 13 -7 -11 -3 -2 -9
right_child=1 4 3 -5 -6 6 -8 8 -10 10 -12 -13 -14 -15
leaf_value=-0.045278497935167396 -0.059121242088530715 -0.11889769745347825 -0.090388812407208766 0.053626127419658866 0.023989654948339961 -0.022426392369531298 -0.084599414537861795 -0.025193932260368174 0.032810894639801941 0.051304729103406277 0.01317322373230501 0.048382092098056217 0.020575397044399046 -0.0033422972822126627
leaf_weight=63.081090286374092 5.1412031352520033 0.96193093061447044 9.3889086395502073 1.9874146580696095 71.999158978462219 18.863002017140388 3.1656541824340811 75.469598442316055 16.266569301486015 22.353734105825424 209.53533478081226 13.972393438220022 15.185054779052734 157.68362167477608
leaf_count=295 22 4 40 9 337 77 13 314 71 98 926 60 65 680
internal_value=3.01512e-05 0.00462539 -0.0231398 -0.0652298 0.00611662 0.00363367 0.0126666 -0.00504262 -0.00759635 0.0138945 0.016849 0.0376075 0.000417402 -0.0104155
internal_weight=685.055 621.974 31.7026 11.3763 590.271 518.272 253.918 264.354 249.42 250.752 231.889 14.9343 20.3263 233.153
internal_count=3011 2716 136 49 2580 2243 1114 1129 1065 1101 1024 64 87 994
is_linear=0
shrinkage=0.05


Tree=18
num_leaves=15
num_cat=0
split_feature=49 12 42 13 18 3 26 51 14 16 32 40 25 18
split_gain=52.626 13.1398 11.8917 13.0308 10.6121 9.94393 18.4489 14.1984 9.91781 9.3714 12.1097 11.3131 10.91 10.3148
threshold=-0.097805324035007662 1.0000000180025095e-35 -0.046028808372789706 0.048992259413513185 -0.14104582747744551 610.50000000000011 -0.17205301266085657 0.090862206373195462 -1.0000000180025095e-35 -0.091621779500973569 0.057413599840863611 -0.21929124857427121 0.05439300786482059 0.1085362605238638
decision_type=2 2 2 2 2 2 2 2 2 2 2 2 2 2
left_child=-1 2 4 -4 -2 9 -7 -8 -3 10 -5 -11 -13 -14
right_child=1 8 3 5 -6 6 7 -9 -10 11 -12 12 13 -15
leaf_value=-0.055714099511484289 -0.038301184790905662 0.087349530290440167 0.023649716310171667 -0.033221834941186128 0.013083884281931 -0.071300002243297689 0.027273163537568992 -0.027838164839127322 -0.049040031776604744 0.06634295541905344 0.011901471639830347 -0.039350511042181353 0.0049204947656496557 -0.059872367393211459
leaf_weight=39.86589415371418 10.383614555001257 1.4472819119691873 41.489075198769569 20.005193158984184 310.57484725117683 6.6325613111257544 56.549050286412239 14.731351301074026 16.863351702690125 3.4644049704074851 57.909436285495758 59.677615791559219 35.484173655509949 7.4284022897481909
leaf_count=193 44 6 184 83 1382 29 254 65 75 15 251 251 149 30
internal_value=3.01615e-05 0.00348823 0.00471263 -0.00238514 0.0114215 -0.00650975 0.0084617 0.0158834 -0.0382597 -0.0128503 0.000315708 -0.0225229 -0.0255239 -0.00629551
internal_weight=682.506 642.64 624.33 303.371 320.958 261.882 77.913 71.2804 18.3106 183.969 77.9146 106.055 102.59 42.9126
internal_count=3011 2818 2737 1311 1426 1127 348 319 81 779 334 445 430 179
is_linear=0
shrinkage=0.05


Tree=19
num_leaves=15
num_cat=0
split_feature=49 12 25 18 46 15 42 10 24 34 14 45 11 26
split_gain=48.6358 11.9494 11.28 11.4019 11.3921 10.6323 9.78237 13.875 10.0703 9.25491 9.05081 8.85825 8.82034 8.63318
threshold=-0.097805324035007662 1.0000000180025095e-35 0.12875343931139624 -0.11396102695239237 -0.068521738345464364 0.15626736469282151 -0.046028808372789706 0.046727014886716232 0.15689792156821314 -0.14823704371095714 -1.0000000180025095e-35 -0.20703853582481116 -0.19507961474532787 -0.099442259010494763
decision_type=2 2 2 2 2 2 2 2 2 2 2 2 2 2
left_child=-1 2 6 -4 5 9 -2 8 12 -5 -3 -6 -8 -9
right_child=1 10 3 4 11 -7 7 13 -10 -11 -12 -13 -14 -15
leaf_value=-0.054233324205544775 0.013239605788758388 0.084296835362255892 -0.066309474614890215 0.041126995081637828 -0.086793976110237314 0.075311789907393414 0.06272663844846485 -0.025567065402829305 0.045152151972015504 -0.10132640554227068 -0.046958366499411312 0.0055776801120720337 -0.012918588605466928 0.023621233097249714
leaf_weight=38.930566340684891 294.6115558296442 1.4252583980560327 8.9134372025728208 1.3645768165588368 2.7144920974969855 1.3113279044628132 3.9504464119672766 10.267158567905424 8.3810306340455991 6.9328710883855811 16.73368327319622 59.176961869001389 157.12989175319672 68.009287744760513
leaf_count=193 1316 6 40 6 12 6 17 45 37 29 75 255 673 301
internal_value=2.89334e-05 0.0033249 0.00449071 -0.0129851 -0.00633753 -0.0569899 0.00708183 -0.000241039 -0.00828317 -0.0778989 -0.0366564 0.00152636 -0.0110634 0.0171694
internal_weight=679.853 640.922 622.763 80.4137 71.5002 9.60878 542.349 247.738 169.461 8.29745 18.1589 61.8915 161.08 78.2764
internal_count=3011 2818 2737 348 308 41 2389 1073 727 35 81 267 690 346
is_linear=0
shrinkage=0.05


Tree=20
num_leaves=15
num_cat=0
split_feature=49 12 25 18 46 15 16 19 38 26 40 28 47 16
split_gain=44.9735 10.8724 10.1959 10.391 10.2649 9.58979 9.56014 9.34777 10.9217 16.7134 11.4863 9.96241 9.91305 11.0195
threshold=-0.097805324035007662 1.0000000180025095e-35 0.12875343931139624 -0.11396102695239237 -0.068521738345464364 0.15626736469282151 -0.31776256391092178 0.15686438224230428 -0.066929530189499736 -0.15964565399425726 -0.1370556203404962 -0.17237266698280765 -0.075550132527932162 -0.17546908424021621
decision_type=2 2 2 2 2 2 2 2 2 2 2 2 2 2
left_child=-1 2 6 -4 5 -5 -2 8 11 -10 -11 -8 13 -13
right_child=1 -3 3 4 -6 -7 7 -9 9 10 -12 12 -14 -15
leaf_value=-0.052822688921962457 -0.045673469300861885 -0.035144819469715483 -0.063444089191018863 -0.073617244486237451 0.001452599784327116 0.073518199784435301 -0.059211780602768022 0.025201646478741603 -0.084155845796751963 0.028169393440619472 -0.0067780675415552924 0.041166666050612082 0.018947301069375269 -0.0094268716320594706
leaf_weight=37.995603144168854 8.5604111403226835 17.995985895395279 8.8517566770315153 8.3386309593915922 61.883424758911133 1.2770229429006565 4.9098771959543219 65.995313882827759 6.318993628025054 27.753742501139641 153.8359018266201 12.694696590304373 190.26293873786926 70.709570109844208
leaf_count=193 36 81 40 35 267 6 21 301 27 125 673 55 847 304
internal_value=2.74874e-05 0.00316811 0.00427768 -0.0123419 -0.00601533 -0.0540767 0.00674587 0.00758859 0.00509681 -0.00421846 -0.00143678 0.0113802 0.0126467 -0.00172619
internal_weight=677.384 639.388 621.392 80.3508 71.4991 9.61565 541.041 532.481 466.486 187.909 181.59 278.577 273.667 83.4043
internal_count=3011 2818 2737 348 308 41 2389 2353 2052 825 798 1227 1206 359
is_linear=0
shrinkage=0.05


Tree=21
num_leaves=15
num_cat=0
split_feature=49 19 7 50 42 11 28 9 39 10 38 6 34 27
split_gain=41.6089 10.1892 14.3907 14.0356 12.7131 12.4175 11.8797 12.9138 11.8998 11.0257 10.6509 10.059 9.96865 10.1428
threshold=-0.097805324035007662 0.081992353571162011 0.088692046188599341 0.17919632255707604 -0.044632250683824003 0.10088763428508014 1.0000000180025095e-35 -0.057989322049270202 0.062337911843009436 -0.025915155936758798 -0.11887599370905093 -0.10454196735620942 -0.055901904157090086 0.10286916995621191
decision_type=2 2 2 2 2 2 2 2 2 2 2 2 2 2
left_child=-1 2 4 -3 6 -4 -2 8 -8 10 -9 -11 13 -10
right_child=1 3 5 -5 -6 -7 7 9 12 11 -12 -13 -14 -15
leaf_value=-0.051473968107804129 0.016754274471900331 0.015401803741718435 -0.03314105019604955 -0.061657123839348862 -0.0082704039070065575 0.075228735909418809 0.032339984171777199 0.051753339796797908 -0.10277986812349074 0.033913562580207265 -0.077297533712956057 -0.059332169991996656 0.026547215188063196 -0.027894175362706372
leaf_weight=37.065397843718529 166.82039102911949 179.86085592210293 45.454141855239868 6.1098937392234793 171.52803967893124 2.8065745234489432 5.2637978196144131 2.2029294073581696 9.2938046604395002 27.11099311709404 5.8304333388805372 3.2376456707716015 3.4364093244075731 8.8061502277851087
leaf_count=193 751 810 200 26 732 12 23 10 39 122 26 14 15 38
internal_value=2.65432e-05 0.00301965 -0.0010351 0.0128701 0.00205094 -0.0268389 0.00968188 -0.00841846 -0.035052 0.0101783 -0.0419089 0.0239659 -0.0515235 -0.0663458
internal_weight=674.827 637.762 451.791 185.971 403.531 48.2607 232.003 65.1822 26.8002 38.382 8.03336 30.3486 21.5364 18.1
internal_count=3011 2818 1982 836 1770 212 1038 287 115 172 36 136 92 77
is_linear=0
shrinkage=0.05


Tree=22
num_leaves=15
num_cat=0
split_feature=49 12 18 38 13 24 11 2 42 41 27 39 20 16
split_gain=38.5128 9.36453 9.5656 11.1069 10.767 10.678 9.81387 10.2657 11.0482 10.7495 10.1466 10.0027 12.328 11.655
threshold=-0.097805324035007662 1.0000000180025095e-35 -0.14104582747744551 -0.048911703781021158 0.22385962328540113 -0.037719836222882476 -0.11537406868938606 222.50000000000003 -0.046028808372789706 -0.22007465812690466 0.02952723276177744 0.12500014128539447 0.091478020888058412 -0.098847758404367589
decision_type=2 2 2 2 2 2 2 2 2 2 2 2 2 2
left_child=-1 2 3 4 -2 -5 -4 8 10 -9 -8 13 -13 -10
right_child=1 -3 6 5 -6 -7 7 9 11 -11 -12 12 -14 -15
leaf_value=-0.050180016943799449 0.022548346155712867 -0.032907058546525064 -0.019557336466146283 0.069381172219284915 -0.093608816459508137 -0.077122398357372612 -0.015965346244523101 -0.14742397228134388 0.021514212170834573 0.027685636564113117 0.014585385529886538 -0.025294506280613468 0.027290858076998777 -0.0085642623717989974
leaf_weight=36.143693804740906 12.46567687392235 17.771119803190231 37.385118693113327 1.4046054482460029 2.3751118332147589 10.860571846365925 30.644511416554451 0.88828128576278587 57.616715326905251 65.572577863931656 240.24837812781334 72.892260774970055 13.157366558909414 73.026642978191376
leaf_count=193 54 81 162 6 10 47 133 4 251 315 1083 306 56 310
internal_value=2.64102e-05 0.00287824 0.00390638 -0.0251381 0.00395862 -0.0603448 0.00523752 0.00691059 0.00439784 0.0253452 0.0111294 -0.00401738 -0.017254 0.00470103
internal_weight=672.453 636.309 618.538 27.106 14.8408 12.2652 591.432 554.047 487.586 66.4609 270.893 216.693 86.0496 130.643
internal_count=3011 2818 2737 117 64 53 2620 2458 2139 319 1216 923 362 561
is_linear=0
shrinkage=0.05


Tree=23
num_leaves=15
num_cat=0
split_feature=49 8 10 12 27 41 16 21 4 38 15 19 38 8
split_gain=35.6593 9.38138 9.23936 14.0607 9.93849 9.6354 9.136 8.48749 8.38708 8.3842 11.0847 10.9201 16.3196 10.4401
threshold=-0.097805324035007662 0.19697033168619907 0.078567490297480572 -0.079126518018908298 0.1759766478966448 -0.3117165160981698 -0.27530071091019986 -0.040702348713872481 -0.33152124493463381 -0.18173019256003789 0.21619727644106537 0.081992353571162011 -0.066929530189499736 -0.15828574930831246
decision_type=2 2 2 2 2 2 2 2 2 2 2 2 2 2
left_child=1 -1 3 4 5 -2 7 -6 -8 10 13 12 -11 -7
right_child=2 -3 -4 -5 6 9 8 -9 -10 11 -12 -13 -14 -15
leaf_value=-0.060846930936076377 -0.13194064690024493 0.0069449634694811581 0.015202175898965529 -0.03443282460911147 0.042476361068547963 0.052973602858020566 -0.1236186062491258 -0.10376217514499669 0.025732480552102754 0.0077309418131830182 0.060121348833376179 0.016529875044774611 -0.017148726720074167 -0.033640091603125775
leaf_weight=29.042449653148651 1.4033534675836552 6.1912119686603537 120.55208536982536 28.307106032967567 1.5450882911682127 3.7865319550037375 0.9535888284444799 2.7727120220661154 66.027305617928505 149.88209970295429 3.9999374449253073 94.918274626135826 117.64761075377464 42.858884066343307
leaf_count=159 6 34 540 128 7 17 4 12 299 661 19 428 512 185
internal_value=2.57481e-05 -0.0489346 0.00274385 -0.000177512 0.00181853 -0.00114756 0.0190619 -0.051432 0.0236062 -0.000703228 -0.0197591 0.00195948 -0.00321002 -0.0266091
internal_weight=669.888 35.2337 634.655 514.102 485.795 414.497 71.2987 4.3178 66.9809 413.093 50.6454 362.448 267.53 46.6454
internal_count=3011 193 2818 2278 2150 1828 322 19 303 1822 221 1601 1173 202
is_linear=0
shrinkage=0.05


Tree=24
num_leaves=15
num_cat=0
split_feature=49 26 38 10 32 4 38 31 17 48 23 11 5 39
split_gain=33.0364 9.16012 11.0237 9.37665 10.8182 11.7767 10.7298 8.97502 8.84248 10.3341 8.95627 9.01759 9.01818 10.4526
threshold=-0.097805324035007662 -0.15964565399425726 -0.066929530189499736 0.078567490297480572 -0.029565831592777182 -0.036155168973252876 -0.18173019256003789 -0.39367978150802924 0.33339767097968526 -0.033806236421889672 0.093199883695277944 0.13168611772077993 0.047457990064277859 -0.079611589818849846
decision_type=2 2 2 2 2 2 2 2 2 2 2 2 2 2
left_child=7 2 -2 4 5 -3 8 -1 10 -10 11 12 13 -6
right_child=1 3 -4 -5 6 -7 -8 -9 9 -11 -12 -13 -14 -15
leaf_value=0.0066781861179612146 0.00058974573781374068 -0.061141844040167148 -0.057088872203782462 0.017059690787004513 0.066219793992152429 0.0048142207672709717 0.0058384474149013911 -0.059747610776349352 -0.092511400045829265 0.0098122319552375881 0.045656638569324171 0.062322637987732854 0.0061220745525653536 -0.052814458308681304
leaf_weight=6.2071466892957678 20.765107065439224 14.167834401130678 13.782054767012594 112.60349091887474 2.0172973275184587 12.957732886075972 398.67514859139919 28.131479173898697 7.1947451382875443 3.7555078864097577 6.7720285952091208 3.3666057437658301 15.926935553550718 21.500249385833747
leaf_count=34 90 59 61 507 9 56 1775 159 31 17 31 15 72 95
internal_value=2.49933e-05 0.00261416 -0.0224202 0.00405816 0.00104784 -0.029635 0.00286029 -0.0477403 -0.016754 -0.0574184 -0.0077734 -0.0162252 -0.0229293 -0.0426039
internal_weight=667.823 633.485 34.5472 598.938 486.334 27.1256 459.209 34.3386 60.5334 10.9503 49.5831 42.8111 39.4445 23.5175
internal_count=3011 2818 151 2667 2160 115 2045 193 270 48 222 191 176 104
is_linear=0
shrinkage=0.05


Tree=25
num_leaves=15
num_cat=0
split_feature=49 46 44 51 12 41 2 7 30 39 46 33 15 17
split_gain=30.619 8.90739 10.4842 10.6215 14.8394 11.4847 11.4682 13.8945 10.3798 12.4437 13.5194 10.9552 9.59241 10.0315
threshold=-0.097805324035007662 0.042563297987716443 0.045828965837765877 0.11853917790459266 -0.22253151668742763 -0.039163057046611313 401.00000000000006 0.088692046188599341 -0.10482878036716915 0.15135255410665741 0.1047415787454775 0.15602258626413115 0.044368405734689691 0.20224879865011036
decision_type=2 2 2 2 2 2 2 2 2 2 2 2 2 2
left_child=-1 2 3 6 5 -5 7 12 9 -3 11 -11 -2 -14
right_child=1 8 -4 4 -6 -7 -8 -9 -10 10 -12 -13 13 -15
leaf_value=-0.046594592269417187 0.0071730734981433663 0.022260737931165731 0.0059371037956012611 -0.045800272568069449 -0.10324469050924799 0.031335917463597915 0.056404879413706921 -0.03742686345310664 -0.025114930200169468 -0.097581320086550793 0.041135247024841635 -0.012832733074915309 0.0029591792015112284 -0.0471776541159456
leaf_weight=33.452957645058632 101.1113184094429 137.0043086707592 225.82120348513126 13.259268179535869 6.7043540775775901 7.5864999443292627 7.2493869215250006 32.188712939620018 17.840099900960922 4.3989822864532462 10.448214426636694 28.637776598334312 20.223329693078995 19.691032975912094
leaf_count=193 444 621 1004 58 29 34 36 146 78 19 48 127 88 86
internal_value=2.31054e-05 0.00249003 -0.0015229 -0.00962153 -0.0385384 -0.0177277 -0.005207 -0.00778559 0.0112681 0.0148643 -0.008439 -0.0241174 -0.00102005 -0.0217749
internal_weight=665.617 632.164 433.835 208.014 27.5501 20.8458 180.464 173.214 198.329 180.489 43.485 33.0368 141.026 39.9144
internal_count=3011 2818 1925 921 121 92 800 764 893 815 194 146 618 174
is_linear=0
shrinkage=0.05


Tree=26
num_leaves=15
num_cat=0
split_feature=27 46 19 38 26 27 2 24 39 16 30 4 47 28
split_gain=28.3724 10.1623 13.4037 12.8437 11.3998 10.2223 10.7343 11.8165 10.7414 14.1688 10.5442 10.3313 9.1325 9.64885
threshold=0.37797577282721934 -0.029737876552382705 0.11513712741429724 -0.066929530189499736 -0.14011221048277991 -0.060453710565398534 169.50000000000003 -0.056980513476196183 0.11619339039327706 0.046324185457145804 -0.29672626297909394 0.14353574816276779 -0.10375722525196995 0.096183078252363288
decision_type=2 2 2 2 2 2 2 2 2 2 2 2 2 2
left_child=1 -1 3 12 -5 -6 7 -7 9 10 -9 -12 13 -3
right_child=-2 2 -4 4 5 6 -8 8 -10 -11 11 -13 -14 -15
leaf_value=-0.0080097169095090497 -0.04440264083120099 -0.0030181319478299702 0.024200044773863363 -0.064870716159718456 -0.082750710937895336 -0.071842518147711629 0.0283364398036096 -0.011138914720772098 -0.022762947646129211 -0.059910046673893061 0.040702833940186145 -0.12633501187072804 0.015047648736696773 -0.087152400120506887
leaf_weight=170.11010892689228 34.091973379254341 45.439895391464233 85.157064691185951 8.6580574512481672 4.1812779158353797 7.1474056988954535 22.299126744270325 19.291485279798501 48.536589950323105 6.5805567353963843 30.904547989368449 0.95426857471465965 176.44843177497387 3.6840492039918891
leaf_count=756 196 197 399 38 18 30 103 84 211 28 139 4 793 15
internal_value=2.34033e-05 0.0024298 0.00629642 0.00222126 -0.00919459 -0.00574881 -0.00337643 -0.00961167 -0.00542611 0.00914966 0.0180343 0.0356995 0.0097393 -0.00932778
internal_weight=663.485 629.393 459.283 374.126 148.553 139.895 135.714 113.415 106.267 57.7309 51.1503 31.8588 225.572 49.1239
internal_count=3011 2815 2059 1660 655 617 599 496 466 255 227 143 1005 212
is_linear=0
shrinkage=0.05


Tree=27
num_leaves=15
num_cat=0
split_feature=49 31 16 39 50 27 11 46 19 8 42 14 6 32
split_gain=26.6299 9.09715 8.56937 8.68439 8.33432 7.99816 8.08735 8.96168 10.4309 10.3568 9.92386 9.37144 8.94508 8.46726
threshold=-0.097805324035007662 -0.39367978150802924 -0.31776256391092178 0.089264501367648033 0.26250913633567668 0.4781280378103091 -0.11537406868938606 -0.029737876552382705 0.1169411973817639 -0.13266354433595159 0.061085041110589856 0.072518430631299161 -0.27758190664201626 0.12350167256910489
decision_type=2 2 2 2 2 2 2 2 2 2 2 2 2 2
left_child=1 -1 3 -2 5 6 -4 9 -9 11 -11 -8 -13 -14
right_child=2 -3 4 -5 -6 -7 7 8 -10 10 -12 12 13 -15
leaf_value=0.011299359019131199 -0.097093937398189029 -0.057324313941101372 -0.017709710717481498 -0.00088077889555197115 -0.069279224547276086 -0.068121974075183736 0.035387597362142469 0.0055232979044474266 0.026016338012759922 0.0059610838495821033 -0.041156071264398325 0.033315241486897913 -0.026173866547306475 -0.090097561783436586
leaf_weight=5.9336102604866054 4.3300631493329984 25.952770709991455 40.366273015737534 5.1169314831495285 3.9625631272792807 3.8770297020673743 4.3443558514118221 342.49763152003288 75.84457840025425 112.78845189511776 12.404454827308653 3.205962240695956 10.95040573179722 9.8312600255012494
leaf_count=34 18 159 175 22 17 22 19 1529 360 500 53 14 47 42
internal_value=2.38527e-05 -0.0445544 0.00228183 -0.0449804 0.00300188 0.00346676 0.00392011 0.00544688 0.00923864 -0.00488533 0.00129259 -0.0321842 -0.044422 -0.0564145
internal_weight=661.406 31.8864 629.52 9.44699 620.073 616.11 612.233 571.867 418.342 153.525 125.193 28.332 23.9876 20.7817
internal_count=3011 193 2818 40 2778 2761 2739 2564 1889 675 553 122 103 89
is_linear=0
shrinkage=0.05


Tree=28
num_leaves=15
num_cat=0
split_feature=49 8 26 38 10 32 24 38 17 17 48 23 11 5
split_gain=24.6953 8.69835 7.89706 9.36448 8.3411 9.61866 10.9178 9.41356 8.08193 7.97998 8.91588 7.84263 8.03275 7.7927
threshold=-0.097805324035007662 0.19697033168619907 -0.15964565399425726 -0.066929530189499736 0.078567490297480572 -0.029565831592777182 0.046126638706185087 -0.18173019256003789 0.3961082859008766 0.33339767097968526 -0.033806236421889672 0.093199883695277944 0.13168611772077993 0.047457990064277859
decision_type=2 2 2 2 2 2 2 2 2 2 2 2 2 2
left_child=1 -1 3 -2 5 6 -4 9 -5 11 -11 12 13 -7
right_child=2 -3 4 8 -6 7 -8 -9 -10 10 -12 -13 -14 -15
leaf_value=-0.056407208729568128 8.9291002059434e-05 0.010771653250919451 -0.05215352252430791 -0.071517642329687811 0.015857812340373936 -0.040143920144121104 0.013975648655639383 0.0051886461498402547 0.027973154893107428 -0.086939569830982888 0.0083063581525518269 0.04323560823874547 0.059793515648491995 0.0053812593816453987
leaf_weight=25.088035896420482 20.635857358574867 5.9639589339494696 17.294267326593403 11.14634847640991 111.31717446446419 23.175863996148109 9.7660514861345273 395.86155340075493 2.4988223612308493 7.2457296550273895 3.7177158296108228 6.6030812412500373 3.2798692882060996 15.813903093338011
leaf_count=159 90 34 73 49 507 104 42 1775 12 31 17 31 15 72
internal_value=2.23106e-05 -0.0435046 0.00217332 -0.0211609 0.00351981 0.000674846 -0.0282875 0.0023947 -0.053298 -0.0160894 -0.0546416 -0.00744113 -0.0153575 -0.0216793
internal_weight=659.408 31.052 628.356 34.281 594.075 482.758 27.0603 455.698 13.6452 59.8362 10.9634 48.8727 42.2696 38.9898
internal_count=3011 193 2818 151 2667 2160 115 2045 61 270 48 222 191 176
is_linear=0
shrinkage=0.05


Tree=29
num_leaves=15
num_cat=0
split_feature=49 8 16 33 30 46 39 46 30 37 19 35 28 21
split_gain=22.906 8.30133 7.70837 7.82535 7.58885 7.57388 10.7527 14.2478 12.4438 10.4743 10.4221 9.44827 10.8253 9.00834
threshold=-0.097805324035007662 0.19697033168619907 -0.31776256391092178 0.22379649135319155 -0.3259488854694883 0.041558767697216233 0.15256959902538533 0.1047415787454775 -0.10690482402558128 0.05407398041149606 -0.02658031922761217 -0.055385072991727999 -0.10783311492142042 0.10592550640281433
decision_type=2 2 2 2 2 2 2 2 2 2 2 2 2 2
left_child=1 -1 3 -2 -5 9 8 -8 -7 10 11 12 -4 -12
right_child=2 -3 5 4 -6 6 7 -9 -10 -11 13 -13 -14 -15
leaf_value=-0.055523005960261086 -0.096181120472548065 0.010171689898140395 -0.11872968399376081 0.059231749014866754 -0.058941343514892164 0.022186382626624514 -0.025705375431522532 0.040341969557038865 -0.025553142238011028 0.0084247660758170698 0.00081125550298916875 -0.055840701365276871 -0.0030893836169718762 -0.037377211594897035
leaf_weight=24.234876930713657 3.9724317193031293 5.9990206360816947 2.1744010001421001 2.5412195324897766 2.9191813170909882 134.83520928025246 35.097731560468674 10.640976697206495 15.187682554125784 173.17494894564152 181.5339295566082 18.908506661653519 29.214628577232361 16.8784009963274
leaf_count=159 17 34 9 11 12 622 155 50 66 783 810 82 127 74
internal_value=2.03562e-05 -0.0424878 0.00206984 -0.0427881 -0.00394469 0.00275492 0.0108831 -0.0103397 0.0173534 -0.00101669 -0.0075907 -0.0279196 -0.0111001 -0.00243733
internal_weight=657.313 30.2339 627.079 9.43283 5.4604 617.646 195.762 45.7387 150.023 421.885 248.71 50.2975 31.389 198.412
internal_count=3011 193 2818 40 23 2778 893 205 688 1885 1102 218 136 884
is_linear=0
shrinkage=0.05


end of trees

feature_importances:
embedding_45=33
embedding_08=21
embedding_12=21
embedding_42=20
embedding_01=18
embedding_38=17
embedding_14=16
embedding_28=14
embedding_43=14
embedding_15=12
embedding_31=12
embedding_23=11
embedding_34=11
prompt_approx_tokens=10
embedding_06=9
embedding_24=9
embedding_35=9
prompt_chars=8
embedding_13=8
embedding_22=8
embedding_27=8
embedding_29=8
embedding_03=7
embedding_07=7
embedding_20=7
embedding_26=7
embedding_46=7
embedding_04=6
embedding_18=6
embedding_33=6
embedding_39=6
embedding_00=5
embedding_09=5
embedding_11=5
embedding_44=5
embedding_02=4
embedding_05=4
embedding_10=4
embedding_17=4
embedding_19=4
embedding_21=4
embedding_41=4
embedding_47=4
embedding_30=3
embedding_36=3
embedding_37=3
embedding_40=2
embedding_16=1

parameters:
[boosting: gbdt]
[objective: binary]
[metric: binary_logloss]
[tree_learner: serial]
[device_type: cpu]
[data_sample_strategy: bagging]
[data: ]
[valid: ]
[num_iterations: 30]
[learning_rate: 0.05]
[num_leaves: 15]
[num_threads: 1]
[seed: 23]
[deterministic: 0]
[force_col_wise: 1]
[force_row_wise: 0]
[histogram_pool_size: -1]
[max_depth: -1]
[min_data_in_leaf: 3]
[min_sum_hessian_in_leaf: 0.001]
[bagging_fraction: 1]
[pos_bagging_fraction: 1]
[neg_bagging_fraction: 1]
[bagging_freq: 0]
[bagging_seed: 25556]
[bagging_by_query: 0]
[feature_fraction: 1]
[feature_fraction_bynode: 1]
[feature_fraction_seed: 31605]
[extra_trees: 0]
[extra_seed: 3808]
[early_stopping_round: 0]
[early_stopping_min_delta: 0]
[first_metric_only: 0]
[max_delta_step: 0]
[lambda_l1: 0]
[lambda_l2: 0]
[linear_lambda: 0]
[min_gain_to_split: 0]
[drop_rate: 0.1]
[max_drop: 50]
[skip_drop: 0.5]
[xgboost_dart_mode: 0]
[uniform_drop: 0]
[drop_seed: 6130]
[top_rate: 0.2]
[other_rate: 0.1]
[min_data_per_group: 100]
[max_cat_threshold: 32]
[cat_l2: 10]
[cat_smooth: 10]
[max_cat_to_onehot: 4]
[top_k: 20]
[monotone_constraints: ]
[monotone_constraints_method: basic]
[monotone_penalty: 0]
[feature_contri: ]
[forcedsplits_filename: ]
[refit_decay_rate: 0.9]
[cegb_tradeoff: 1]
[cegb_penalty_split: 0]
[cegb_penalty_feature_lazy: ]
[cegb_penalty_feature_coupled: ]
[path_smooth: 0]
[interaction_constraints: ]
[verbosity: -1]
[saved_feature_importance_type: 0]
[use_quantized_grad: 0]
[num_grad_quant_bins: 4]
[quant_train_renew_leaf: 0]
[stochastic_rounding: 1]
[linear_tree: 0]
[max_bin: 255]
[max_bin_by_feature: ]
[min_data_in_bin: 3]
[bin_construct_sample_cnt: 200000]
[data_random_seed: 113]
[is_enable_sparse: 1]
[enable_bundle: 1]
[use_missing: 1]
[zero_as_missing: 0]
[feature_pre_filter: 1]
[pre_partition: 0]
[two_round: 0]
[header: 0]
[label_column: ]
[weight_column: ]
[group_column: ]
[ignore_column: ]
[categorical_feature: ]
[forcedbins_filename: ]
[precise_float_parser: 0]
[parser_config_file: ]
[objective_seed: 16714]
[num_class: 1]
[is_unbalance: 0]
[scale_pos_weight: 1]
[sigmoid: 1]
[boost_from_average: 1]
[reg_sqrt: 0]
[alpha: 0.9]
[fair_c: 1]
[poisson_max_delta_step: 0.7]
[tweedie_variance_power: 1.5]
[lambdarank_truncation_level: 30]
[lambdarank_norm: 1]
[label_gain: ]
[lambdarank_position_bias_regularization: 0]
[eval_at: ]
[multi_error_top_k: 1]
[auc_mu_weights: ]
[num_machines: 1]
[local_listen_port: 12400]
[time_out: 120]
[machine_list_filename: ]
[machines: ]
[gpu_platform_id: -1]
[gpu_device_id: -1]
[gpu_device_id_list: ]
[gpu_use_dp: 0]
[num_gpu: 1]

end of parameters

pandas_categorical:null
