tree
version=v4
num_class=1
num_tree_per_iteration=1
label_index=0
max_feature_idx=51
objective=regression
feature_names=a2_score has_code_fence prompt_approx_tokens prompt_chars embedding_00 embedding_01 embedding_02 embedding_03 embedding_04 embedding_05 embedding_06 embedding_07 embedding_08 embedding_09 embedding_10 embedding_11 embedding_12 embedding_13 embedding_14 embedding_15 embedding_16 embedding_17 embedding_18 embedding_19 embedding_20 embedding_21 embedding_22 embedding_23 embedding_24 embedding_25 embedding_26 embedding_27 embedding_28 embedding_29 embedding_30 embedding_31 embedding_32 embedding_33 embedding_34 embedding_35 embedding_36 embedding_37 embedding_38 embedding_39 embedding_40 embedding_41 embedding_42 embedding_43 embedding_44 embedding_45 embedding_46 embedding_47
feature_infos=[1.3968763870504013:1.5759229424759753] none [8:965] [34:3860] [-0.41087217443874041:0.61782155193190347] [-0.48471791416315496:0.50738849249045237] [-0.58520573598065284:0.1637091018140116] [-0.457495710997814:0.48970210687439175] [-0.41646336503628284:0.36980013081681939] [-0.46164353574848277:0.27910827799011501] [-0.49030428616306426:0.35382651028683815] [-0.41130179815941625:0.42628184178677897] [-0.7761441759351253:0.25514595333753737] [-0.25087260300212721:0.56200266417119338] [-0.38669459561826541:0.57796492950336786] [-0.48622141449773226:0.48730810225589299] [-0.55001909821692674:0.39036002917941331] [-0.23408229439226114:0.70149986857704305] [-0.3596943895981084:0.42459591394742019] [-0.3481553119113957:0.47546492756792713] [-0.3245134270208202:0.52075564392329554] [-0.39082557499682519:0.32882426898275152] [-0.41281254969226883:0.45401858887714786] [-0.49763795114508702:0.41301708893558936] [-0.53839652650374503:0.42173074971558477] [-0.30845685446746224:0.51089105201080265] [-0.40388187304691769:0.36099410255771208] [-0.2290393337255473:0.6393508022779113] [-0.40927275453502904:0.33633639699815621] [-0.42444648726183282:0.25630729731502827] [-0.73874861306336814:0.21031022607861385] [-0.4681734716045628:0.40689422938557973] [-0.30599503068105227:0.41130179815941625] [-0.2520988421229669:0.59213690821293896] [-0.43249857361756672:0.4493247650413843] [-0.64379044019311227:0.34731435582359393] [-0.48314531438551706:0.27044936151312532] [-0.3576777653141881:0.55381861969499646] [-0.5121475197315839:0.33776026473659926] [-0.53951250094920478:0.43748483228844198] [-0.63167616570923679:0.68475227121768012] [-0.48949020986880254:0.48218561322280346] [-0.46114398896535042:0.38087317795088099] [-0.44766148103584524:0.36014120303280989] [-0.39773369280899523:0.42008402520840299] [-0.48434471241406046:0.48800932206302489] [-0.75925660236529657:0.33806170189140661] [-0.51314236049113426:0.3563249516154553] [-0.43560684186903209:0.43070552164653242] [-0.42111744380615784:0.62985816774525505] [-0.35666297896665838:0.37577968896651326] [-0.51047656089015592:0.41650600860529929]
tree_sizes=1527 1519 1548 1545 1545 1511 1550 1498 1501 1531 1496 1497 1523 1511 1503 1475 1491 1537 1463 1487

Tree=0
num_leaves=15
num_cat=0
split_feature=14 2 31 7 5 51 12 2 16 15 12 23 49 11
split_gain=3.44291e+06 7.72533e+06 2.66495e+06 1.78539e+06 5.98316e+06 4.57111e+06 2.17335e+06 2.90887e+06 1.06519e+06 784855 3.87678e+06 483242 452803 1.62016e+06
threshold=-0.070889169393617543 95.500000000000014 -0.084569985101946951 0.22948967799066827 -0.058608455853479839 0.064735488787244402 0.10952930095845158 131.50000000000003 0.14463649690520206 0.3220040742282762 -1.0000000180025095e-35 -0.078934350154369656 0.11441813109879827 0.11354546353627451
decision_type=2 2 2 2 2 2 2 2 2 2 2 2 2 2
left_child=1 2 -1 6 5 -5 9 -8 -4 12 -11 -6 13 -2
right_child=3 -3 8 4 11 -7 7 -9 -10 10 -12 -13 -14 -15
leaf_value=16.70860181521514 18.360824019319445 17.927832583910998 76.828600289336237 27.328601510039363 33.598601204863584 94.938600289336222 81.858600289336266 21.558601811241498 42.858601306588838 16.70860181521514 79.341933622669572 17.231427902171664 16.764229264971885 50.383601052275687
leaf_weight=2.9999999999999991 315 39 9.9999999999999982 4.9999999999999982 4.9999999999999991 5 2.9999999999999982 6 2.9999999999999991 14.000000000000002 2.9999999999999991 46 2550 3.9999999999999991
leaf_count=3 315 39 10 5 5 5 3 6 3 14 3 46 2550 4
internal_value=17.5354 29.9304 59.1867 17.3047 25.7701 61.1336 17.1264 41.6586 68.9894 17.0499 27.7615 18.8361 16.9864 18.7624
internal_weight=3011 55 16 2956 61 10 2895 9 13 2886 17 51 2869 319
internal_count=3011 55 16 2956 61 10 2895 9 13 2886 17 51 2869 319
is_linear=0
shrinkage=1


Tree=1
num_leaves=15
num_cat=0
split_feature=14 2 31 7 4 36 12 2 5 16 15 12 49 49
split_gain=3.10723e+06 6.97211e+06 2.40511e+06 1.61132e+06 5.50075e+06 2.59521e+06 1.96144e+06 2.62526e+06 1.95951e+06 961338 708331 3.4988e+06 425070 408655
threshold=-0.070889169393617543 95.500000000000014 -0.084569985101946951 0.22948967799066827 0.11015522802878422 0.03402084468505804 0.10952930095845158 131.50000000000003 -0.058608455853479839 0.14463649690520206 0.3220040742282762 -1.0000000180025095e-35 0.18885959762867918 0.11441813109879827
decision_type=2 2 2 2 2 2 2 2 2 2 2 2 2 2
left_child=1 2 -1 6 5 -5 10 -8 -7 12 13 -12 -4 -2
right_child=3 -3 9 4 -6 8 7 -9 -10 -11 11 -13 -14 -15
leaf_value=-0.78543009757995608 1.165643579907552 0.37283916595654615 49.579997907366078 0.48981348299512678 73.842070515950525 63.503070068359357 61.107067871093776 3.8220699911316234 10.046339273452759 24.057070159912112 -0.78543009757995597 58.716237386067718 72.075236002604143 -0.73258399113428363
leaf_weight=2.9999999999999991 319 39 6.9999999999999982 51 2.9999999999999991 3 2.9999999999999982 6 3.9999999999999991 2.9999999999999991 14.000000000000002 2.9999999999999991 3 2550
leaf_count=3 319 39 7 51 3 3 3 6 4 3 14 3 3 2550
internal_value=1.54262e-08 11.7753 39.5688 -0.219094 7.82297 4.40819 -0.388547 22.9171 32.9564 48.8813 -0.461225 9.71486 56.3286 -0.521523
internal_weight=3011 55 16 2956 61 58 2895 9 7 13 2886 17 10 2869
internal_count=3011 55 16 2956 61 58 2895 9 7 13 2886 17 10 2869
is_linear=0
shrinkage=0.05


Tree=2
num_leaves=15
num_cat=0
split_feature=14 2 31 36 0 44 35 5 16 33 2 15 49 49
split_gain=2.80427e+06 6.29233e+06 2.17062e+06 1.49461e+06 3.66149e+06 1.25025e+06 882116 2.17735e+06 867608 719014 1.89087e+06 703505 2.24161e+06 383626
threshold=-0.070889169393617543 95.500000000000014 -0.084569985101946951 0.053161023919667837 1.4770937949156091 -0.066594341452341249 -0.41796152667404213 0.033729228349559597 0.14463649690520206 -0.09214577447129943 95.500000000000014 0.3615133633692687 0.10432228060762601 0.18885959762867918
decision_type=2 2 2 2 2 2 2 2 2 2 2 2 2 2
left_child=1 2 -1 6 5 -5 7 -2 13 10 -8 -11 -13 -4
right_child=3 -3 8 4 -6 -7 9 -9 -10 11 -12 12 -14 -15
leaf_value=-0.74615859985351562 50.135934988657652 0.35419713396292468 47.101000104631709 59.58136672973631 0.95173303604125969 20.048888802528381 46.233022054036461 -0.77654526574271054 22.854216766357425 -0.47701925707729631 -0.31401752829551699 49.084419759114581 -0.82223255369398329 68.471476236979157
leaf_weight=2.9999999999999991 2.9999999999999982 39 6.9999999999999982 4.0000000000000009 25 3.9999999999999991 2.9999999999999991 7 2.9999999999999991 2890 7.9999999999999991 2.9999999999999991 8.9999999999999982 3
leaf_count=3 3 39 7 4 25 4 3 7 3 2890 8 3 9 3
internal_value=2.24443e-08 11.1865 37.5904 -0.208139 10.3732 39.8151 -0.3276 14.4972 46.4372 -0.378491 12.3806 -0.426855 11.6544 53.5121
internal_weight=3011 55 16 2956 33 8 2923 10 13 2913 11 2902 12 10
internal_count=3011 55 16 2956 33 8 2923 10 13 2913 11 2902 12 10
is_linear=0
shrinkage=0.05


Tree=3
num_leaves=15
num_cat=0
split_feature=14 2 31 7 4 36 12 2 20 16 15 12 49 11
split_gain=2.53085e+06 5.67883e+06 1.95898e+06 1.38437e+06 4.86294e+06 2.19613e+06 1.71248e+06 2.3167e+06 1.6793e+06 783016 580273 2.86784e+06 359590 1.39248e+06
threshold=-0.070889169393617543 95.500000000000014 -0.084569985101946951 0.22948967799066827 0.11015522802878422 0.03402084468505804 0.10952930095845158 131.50000000000003 0.026102190525208183 0.14463649690520206 0.3220040742282762 -1.0000000180025095e-35 0.11441813109879827 0.11354546353627451
decision_type=2 2 2 2 2 2 2 2 2 2 2 2 2 2
left_child=1 2 -1 6 5 -5 10 -8 -7 -4 12 -12 13 -2
right_child=3 -3 9 4 -6 8 7 -9 -10 -11 11 -13 -14 -15
leaf_value=-0.70885066986083989 0.73310274381959251 0.33648731555694189 50.836533813476564 0.44126104373557901 69.330267333984381 51.516192626953128 57.297067260742203 3.4837680796782173 2.0290040651957191 21.711505381266278 -0.71877997262137261 53.151255289713539 -0.67526977604313521 30.420658373832705
leaf_weight=2.9999999999999991 315 39 9.9999999999999982 51 2.9999999999999991 3.9999999999999991 2.9999999999999982 6 3 2.9999999999999991 14.000000000000002 2.9999999999999991 2550 3.9999999999999991
leaf_count=3 315 39 10 51 3 4 3 6 3 3 14 3 2550 4
internal_value=-2.29449e-08 10.6272 35.7108 -0.197732 7.25651 4.04579 -0.354799 21.4215 30.3074 44.1154 -0.422709 8.7877 -0.477284 1.10536
internal_weight=3011 55 16 2956 61 58 2895 9 7 13 2886 17 2869 319
internal_count=3011 55 16 2956 61 58 2895 9 7 13 2886 17 2869 319
is_linear=0
shrinkage=0.05


Tree=4
num_leaves=15
num_cat=0
split_feature=14 2 31 36 0 44 35 13 16 33 2 15 49 49
split_gain=2.2841e+06 5.12514e+06 1.76798e+06 1.2505e+06 3.04108e+06 1.0307e+06 758421 1.96957e+06 706672 620258 1.63054e+06 586765 1.87218e+06 346222
threshold=-0.070889169393617543 95.500000000000014 -0.084569985101946951 0.053161023919667837 1.4770937949156091 -0.066594341452341249 -0.41796152667404213 0.104738643965246 0.14463649690520206 -0.09214577447129943 95.500000000000014 0.3615133633692687 0.10432228060762601 0.18885959762867918
decision_type=2 2 2 2 2 2 2 2 2 2 2 2 2 2
left_child=1 2 -1 6 5 -5 7 -2 13 10 -8 -11 -13 -4
right_child=3 -3 8 4 -6 -7 9 -9 -10 11 -12 12 -14 -15
leaf_value=-0.67340812683105478 47.344683901468926 0.31966297336113758 42.204121616908488 54.269744873046854 0.90464584982395169 18.375826358795166 42.941984049479174 -1.0776748929704938 20.625930531819662 -0.43503796957072299 -0.28215785026550294 44.851137797037765 -0.75807125833299427 62.506077067057277
leaf_weight=2.9999999999999991 2.9999999999999982 39 6.9999999999999982 4.0000000000000009 25 3.9999999999999991 2.9999999999999991 7 2.9999999999999991 2890 7.9999999999999991 2.9999999999999991 8.9999999999999982 3
leaf_count=3 3 39 7 4 25 4 3 7 3 2890 8 3 9 3
internal_value=-2.10056e-09 10.0958 33.9253 -0.187846 9.49086 36.3228 -0.297116 13.449 41.9096 -0.344305 11.5062 -0.389224 10.6442 48.2947
internal_weight=3011 55 16 2956 33 8 2923 10 13 2913 11 2902 12 10
internal_count=3011 55 16 2956 33 8 2923 10 13 2913 11 2902 12 10
is_linear=0
shrinkage=0.05


Tree=5
num_leaves=15
num_cat=0
split_feature=14 2 31 7 4 36 12 2 5 16 15 12 13 49
split_gain=2.0614e+06 4.62544e+06 1.5956e+06 1.18989e+06 4.298e+06 1.85945e+06 1.49561e+06 2.04476e+06 1.42983e+06 637771 474985 2.34879e+06 320230 316569
threshold=-0.070889169393617543 95.500000000000014 -0.084569985101946951 0.22948967799066827 0.11015522802878422 0.03402084468505804 0.10952930095845158 131.50000000000003 -0.058608455853479839 0.14463649690520206 0.3220040742282762 -1.0000000180025095e-35 0.068454583568568858 0.11441813109879827
decision_type=2 2 2 2 2 2 2 2 2 2 2 2 2 2
left_child=1 2 -1 6 5 -5 10 -8 -7 12 13 -12 -4 -2
right_child=3 -3 9 4 -6 8 7 -9 -10 -11 11 -13 -14 -15
leaf_value=-0.63973770141601571 1.0480450737205418 0.30367977772003568 36.93248840332032 0.39718510216357661 65.089178466796881 53.972271728515615 53.731013997395848 3.1745744268099463 8.3086638927459724 19.594633992513025 -0.65779784066336477 48.094157918294272 54.827457885742184 -0.62267587858350837
leaf_weight=2.9999999999999991 319 39 4.9999999999999982 51 2.9999999999999991 3 2.9999999999999982 6 3.9999999999999991 2.9999999999999991 14.000000000000002 2.9999999999999991 5 2550
leaf_count=3 319 39 5 51 3 3 3 6 4 3 14 3 5 2550
internal_value=1.949e-08 9.59105 32.229 -0.178453 6.73238 3.71393 -0.32407 20.0267 27.8788 39.8141 -0.387534 7.94549 45.88 -0.436911
internal_weight=3011 55 16 2956 61 58 2895 9 7 13 2886 17 10 2869
internal_count=3011 55 16 2956 61 58 2895 9 7 13 2886 17 10 2869
is_linear=0
shrinkage=0.05


Tree=6
num_leaves=15
num_cat=0
split_feature=14 2 31 7 5 51 12 2 9 16 17 15 12 33
split_gain=1.86041e+06 4.17446e+06 1.44003e+06 1.09078e+06 4.45165e+06 3.49407e+06 1.35576e+06 1.8454e+06 604593 575589 484527 433412 2.11978e+06 326770
threshold=-0.070889169393617543 95.500000000000014 -0.084569985101946951 0.16693883847388805 -0.063454766760364975 0.056968901468685197 0.10952930095845158 131.50000000000003 -0.053149559392331229 0.14463649690520206 0.20390656534352566 0.3220040742282762 -1.0000000180025095e-35 -0.09214577447129943
decision_type=2 2 2 2 2 2 2 2 2 2 2 2 2 2
left_child=1 2 -1 6 5 8 11 -8 -5 -4 -7 13 -13 -2
right_child=3 -3 9 4 -6 10 7 -9 -10 -11 -12 12 -14 -15
leaf_value=-0.6077508449554444 9.6316363275051131 0.28849582916651018 43.585973815917974 26.852383597691855 0.38273437247556802 70.815421549479169 51.044465128580747 3.0158458073933918 -0.63837505976359055 18.614901733398437 44.233432769775384 -0.62490795339856819 45.689450073242192 -0.48790251094952242
leaf_weight=2.9999999999999991 7.9999999999999991 39 9.9999999999999982 2.9999999999999991 85 2.9999999999999991 2.9999999999999982 6 5.9999999999999991 2.9999999999999991 4 14.000000000000002 2.9999999999999991 2821
leaf_count=3 8 39 10 3 85 3 3 6 6 3 4 14 3 2821
internal_value=2.06968e-08 9.1115 30.6176 -0.169531 4.93702 29.1317 -0.350183 19.0254 8.52521 37.8234 55.6257 -0.411455 7.54821 -0.459286
internal_weight=3011 55 16 2956 101 16 2855 9 9 13 7 2846 17 2829
internal_count=3011 55 16 2956 101 16 2855 9 9 13 7 2846 17 2829
is_linear=0
shrinkage=0.05


Tree=7
num_leaves=15
num_cat=0
split_feature=14 2 27 7 5 51 12 2 8 17 17 15 12 13
split_gain=1.68595e+06 3.80918e+06 1.30539e+06 991809 4.01577e+06 3.1534e+06 1.22578e+06 1.66547e+06 742326 570006 437286 392896 1.91311e+06 356079
threshold=-0.059742494441327093 95.500000000000014 0.16960390580963033 0.16693883847388805 -0.063454766760364975 0.056968901468685197 0.10952930095845158 131.50000000000003 0.16564905740037325 0.19135811446341253 0.20390656534352566 0.3220040742282762 -1.0000000180025095e-35 0.068454583568568858
decision_type=2 2 2 2 2 2 2 2 2 2 2 2 2 2
left_child=1 2 -1 6 5 9 11 -8 13 -5 -7 -2 -13 -4
right_child=3 -3 8 4 -6 10 7 -9 -10 -11 -12 12 -14 -15
leaf_value=2.3281857967376687 -0.45331528412747063 0.54748429581522939 32.516548665364589 25.894175052642829 0.34413475451015296 67.274650065104169 48.492242431640648 2.8650533676147458 12.66953655878703 -0.79866191546122223 42.021760940551751 -0.59366253103528688 43.404978434244796 50.583253784179682
leaf_weight=4.0000000000000027 2819 48 5.9999999999999982 2.9999999999999982 84 2.9999999999999991 2.9999999999999982 6 2.9999999999999991 6 4 14.000000000000002 2.9999999999999991 5
leaf_count=4 2819 48 6 3 84 3 3 6 3 6 4 14 3 5
internal_value=-1.71403e-08 7.90328 27.5187 -0.177119 4.71709 27.6751 -0.349148 18.0741 34.716 8.09895 52.8444 -0.407614 7.1708 40.7287
internal_weight=3011 66 18 2945 100 16 2845 9 14 9 7 2836 17 11
internal_count=3011 66 18 2945 100 16 2845 9 14 9 7 2836 17 11
is_linear=0
shrinkage=0.05


Tree=8
num_leaves=15
num_cat=0
split_feature=14 2 27 7 4 36 20 12 2 8 49 11 26 2
split_gain=1.52157e+06 3.43778e+06 1.17811e+06 896339 3.32932e+06 1.46692e+06 1.12669e+06 1.10146e+06 1.50309e+06 669950 358885 2.12979e+06 831674 566873
threshold=-0.059742494441327093 95.500000000000014 0.16960390580963033 0.22948967799066827 0.11015522802878422 0.03402084468505804 0.026102190525208183 0.10952930095845158 131.50000000000003 0.16564905740037325 0.11441813109879827 0.11354546353627451 0.076594760949813226 177.50000000000003
decision_type=2 2 2 2 2 2 2 2 2 2 2 2 2 2
left_child=1 2 -1 7 5 -5 -7 10 -9 -4 11 12 -2 -14
right_child=3 -3 9 4 -6 6 -8 8 -10 -11 -12 -13 13 -15
leaf_value=2.2117765069007853 0.35792584890596474 0.52011008585492779 38.692253528941762 0.17712019538879398 57.219602457682292 41.987905883789068 1.4528730392456053 46.067628987630229 2.7218007246653237 12.036059347788495 -0.5459915391765725 33.608574256896979 34.522409057617189 3.7850017229715975
leaf_weight=4.0000000000000027 308 48 10.999999999999998 50 2.9999999999999991 3.9999999999999991 3 2.9999999999999982 6 2.9999999999999991 2557 4.9999999999999991 2.9999999999999991 3
leaf_count=4 308 48 11 50 3 4 3 3 6 3 2557 5 3 3
internal_value=2.5013e-09 7.50811 26.1428 -0.168263 5.88042 3.17836 24.6157 -0.294059 17.1704 32.9802 -0.348711 1.23262 0.717081 19.1537
internal_weight=3011 66 18 2945 60 57 7 2885 9 14 2876 319 314 6
internal_count=3011 66 18 2945 60 57 7 2885 9 14 2876 319 314 6
is_linear=0
shrinkage=0.05


Tree=9
num_leaves=15
num_cat=0
split_feature=0 26 49 4 0 25 14 10 15 16 20 33 23 0
split_gain=1.38794e+06 3.67528e+06 2.65492e+06 1.85093e+06 1.80069e+06 1.41537e+06 1.12038e+06 1.33415e+06 723520 492356 383184 165252 762362 1.55631e+06
threshold=1.4844914141120291 0.065877469525934887 0.28274575743923536 0.060412511091216488 1.4770937949156091 0.22226511398645682 -0.059742494441327093 -1.0000000180025095e-35 0.24343725687447174 0.12927639189802589 -1.0000000180025095e-35 1.0000000180025095e-35 -0.082549193701252604 1.5138277482072564
decision_type=2 2 2 2 2 2 2 2 2 2 2 2 2 2
left_child=1 3 9 5 8 6 7 -1 -5 -3 -9 12 13 -2
right_child=11 2 -4 4 -6 -7 -8 10 -10 -11 -12 -13 -14 -15
leaf_value=43.921782430012996 44.761378987630223 33.659519767761218 -1.2100522915522258 56.075770060221373 0.18603769938151038 30.645359492301942 0.12819827427436789 22.118039576212567 23.592960357666012 57.411530558268225 1.4840736389160161 -0.50041972475651753 0.28999634575247762 0.65479941368103023
leaf_weight=3.0000000000000009 2.9999999999999982 8.0000000000000018 5.9999999999999991 2.9999999999999982 6 3.9999999999999991 332 2.9999999999999991 4 2.9999999999999991 8.9999999999999964 2496 125 6
leaf_count=3 3 8 6 3 6 4 332 3 4 3 9 2496 125 6
internal_value=1.70522e-08 2.82043 25.5441 1.75916 20.2858 1.07299 0.732098 14.0984 37.5142 40.1373 6.64257 -0.408588 1.30196 15.357
internal_weight=3011 381 17 364 13 351 347 15 7 11 12 2630 134 9
internal_count=3011 381 17 364 13 351 347 15 7 11 12 2630 134 9
is_linear=0
shrinkage=0.05


Tree=10
num_leaves=15
num_cat=0
split_feature=14 2 27 7 4 36 20 12 2 8 13 15 12 49
split_gain=1.25479e+06 2.82793e+06 963587 748452 2.735e+06 1.25344e+06 956126 918580 1.27009e+06 540968 310469 307576 1.51603e+06 214282
threshold=-0.059742494441327093 95.500000000000014 0.16960390580963033 0.22948967799066827 0.11015522802878422 0.03402084468505804 0.026102190525208183 0.10952930095845158 131.50000000000003 0.16564905740037325 0.068454583568568858 0.3220040742282762 -1.0000000180025095e-35 0.12432888539209512
decision_type=2 2 2 2 2 2 2 2 2 2 2 2 2 2
left_child=1 2 -1 7 5 -5 -7 11 -9 10 -4 13 -13 -2
right_child=3 -3 9 4 -6 6 -8 8 -10 -11 -12 12 -14 -15
leaf_value=2.0765963673591599 0.84698405824145961 0.48027108783523248 27.367681630452481 0.15110513687133789 51.906174723307288 38.744895935058594 1.4039038976033524 42.244260660807306 2.3994764963785804 11.082690048217774 44.237676391601553 -0.52399118287222712 38.643348185221356 -0.51309421990908344
leaf_weight=4.0000000000000027 327 48 5.9999999999999982 50 2.9999999999999991 3.9999999999999991 3 2.9999999999999982 6 2.9999999999999991 5 14.000000000000002 2.9999999999999991 2532
leaf_count=4 327 48 6 50 3 4 3 3 6 3 5 14 3 2532
internal_value=1.56788e-08 6.81821 23.7194 -0.152802 5.37442 2.92538 22.7416 -0.267753 15.6811 29.903 35.0359 -0.317662 6.38789 -0.357534
internal_weight=3011 66 18 2945 60 57 7 2885 9 14 11 2876 17 2859
internal_count=3011 66 18 2945 60 57 7 2885 9 14 11 2876 17 2859
is_linear=0
shrinkage=0.05


Tree=11
num_leaves=15
num_cat=0
split_feature=7 5 43 12 2 9 24 42 12 33 2 15 12 7
split_gain=1.15383e+06 3.45342e+06 1.9508e+06 1.46909e+06 1.32576e+06 957848 499197 485339 622259 402151 952915 277507 1.36822e+06 243147
threshold=0.16693883847388805 -0.063454766760364975 0.056557262695925724 0.10952930095845158 131.50000000000003 -0.095851380625068761 -1.0000000180025095e-35 0.063484362563668587 -0.089088264329309774 -0.09214577447129943 95.500000000000014 0.3220040742282762 -1.0000000180025095e-35 -0.073127291425323579
decision_type=2 2 2 2 2 2 2 2 2 2 2 2 2 2
left_child=3 2 5 9 13 -2 -4 -3 -9 10 -1 -11 -13 -5
right_child=1 7 6 4 -6 -7 -8 8 -10 11 -12 12 -14 -15
leaf_value=33.320228068033863 32.853436787923172 -0.44480985297432429 24.649588267008458 23.761228179931635 1.7971799305507112 -0.91481791904994392 49.62950439453126 2.2963624954223634 26.449365615844727 -0.33870984524350428 -0.36096870814050946 -0.49779163428715284 36.7111811319987 43.891930135091165
leaf_weight=2.9999999999999982 3 79 3 3 7 7.0000000000000018 5.9999999999999982 7.9999999999999991 3.9999999999999991 2861 7 14.000000000000002 2.9999999999999991 2.9999999999999982
leaf_count=3 3 79 3 3 7 7 6 8 4 2861 7 14 3 3
internal_value=-2.94893e-09 5.02646 24.4149 -0.190593 16.58 9.21566 41.3029 0.978334 10.3474 -0.266084 9.74339 -0.300863 6.0685 33.8266
internal_weight=3011 110 19 2901 13 10 9 91 12 2888 10 2878 17 6
internal_count=3011 110 19 2901 13 10 9 91 12 2888 10 2878 17 6
is_linear=0
shrinkage=0.05


Tree=12
num_leaves=15
num_cat=0
split_feature=14 2 27 7 5 9 23 12 2 8 13 15 12 33
split_gain=1.06281e+06 2.37807e+06 829883 623362 2.68504e+06 2.07316e+06 1.12589e+06 758718 1.0416e+06 485519 279178 253560 1.23482e+06 215716
threshold=-0.059742494441327093 95.500000000000014 0.16960390580963033 0.16693883847388805 -0.063454766760364975 -0.053149559392331229 0.12715333986594474 0.10952930095845158 131.50000000000003 0.16564905740037325 0.068454583568568858 0.3220040742282762 -1.0000000180025095e-35 -0.09214577447129943
decision_type=2 2 2 2 2 2 2 2 2 2 2 2 2 2
left_child=1 2 -1 7 5 6 -5 11 -9 10 -4 13 -13 -2
right_child=3 -3 9 4 -6 -7 -8 8 -10 -11 -12 12 -14 -15
leaf_value=1.6884527444839463 7.8390577659010887 0.46297774041692419 25.103439076741541 47.436515590122781 0.16369848109426954 -0.72336012522379567 10.82578659057617 38.272961425781261 2.1896437168121334 9.6825506846110034 41.100739135742181 -0.47290203911917539 34.875622049967454 -0.38305501747188603
leaf_weight=4.0000000000000027 7.9999999999999991 48 5.9999999999999982 6.9999999999999982 84 5.9999999999999991 3 2.9999999999999982 6 2.9999999999999991 5 14.000000000000002 2.9999999999999991 2811
leaf_count=4 8 48 6 7 84 6 3 3 6 3 5 14 3 2811
internal_value=-8.40819e-10 6.27498 21.7737 -0.140628 3.73943 22.5121 36.4533 -0.27701 14.2174 27.5123 32.3749 -0.323007 5.76507 -0.359722
internal_weight=3011 66 18 2945 100 16 10 2845 9 14 11 2836 17 2819
internal_count=3011 66 18 2945 100 16 10 2845 9 14 11 2836 17 2819
is_linear=0
shrinkage=0.05


Tree=13
num_leaves=15
num_cat=0
split_feature=0 26 49 4 0 25 14 21 15 16 49 35 29 33
split_gain=969961 2.49068e+06 1.85153e+06 1.25674e+06 1.27412e+06 1.05979e+06 801834 963848 521675 358957 134316 395433 235558 438288
threshold=1.4844914141120291 0.065877469525934887 0.28274575743923536 0.060412511091216488 1.4770937949156091 0.22226511398645682 -0.059742494441327093 -0.085474795366739312 0.24343725687447174 0.12927639189802589 0.1908250475016465 -0.41796152667404213 0.18324869780323066 0.089668017047545276
decision_type=2 2 2 2 2 2 2 2 2 2 2 2 2 2
left_child=1 3 9 5 8 6 7 -1 -5 -3 11 -2 -13 -14
right_child=10 2 -4 4 -6 -7 -8 -9 -10 -11 -12 12 13 -15
leaf_value=29.855724334716797 18.709907388687135 27.72004222869872 -1.2781634171803793 47.003390502929705 -0.15727222760518389 26.508172178268435 0.11287381069240982 2.9691907203197481 19.421221542358396 48.000684611002612 -0.47074532092693855 0.20749120424498402 24.001796340942391 1.1594806330544607
leaf_weight=4.9999999999999991 2.9999999999999991 8.0000000000000018 5.9999999999999991 2.9999999999999982 6 3.9999999999999991 332 9.9999999999999982 4 2.9999999999999991 2326 291 2.9999999999999982 7
leaf_count=5 3 8 6 3 6 4 332 10 4 3 2326 291 3 7
internal_value=-1.40182e-08 2.3578 21.0643 1.48414 16.7501 0.918739 0.62376 11.9314 31.2422 33.2511 -0.341567 0.646814 0.466783 8.01218
internal_weight=3011 381 17 364 13 351 347 15 7 11 2630 304 301 10
internal_count=3011 381 17 364 13 351 347 15 7 11 2630 304 301 10
is_linear=0
shrinkage=0.05


Tree=14
num_leaves=15
num_cat=0
split_feature=0 26 49 4 0 25 14 10 15 16 24 20 49 35
split_gain=875390 2.24784e+06 1.671e+06 1.13421e+06 1.14989e+06 956459 723655 890341 470812 323958 279475 121904 121220 356878
threshold=1.4844914141120291 0.065877469525934887 0.28274575743923536 0.060412511091216488 1.4770937949156091 0.22226511398645682 -0.059742494441327093 -1.0000000180025095e-35 0.24343725687447174 0.12927639189802589 -1.0000000180025095e-35 0.085592206168713228 0.1908250475016465 -0.41796152667404213
decision_type=2 2 2 2 2 2 2 2 2 2 2 2 2 2
left_child=1 3 9 5 8 6 7 -1 -5 11 -9 -3 13 -2
right_child=12 2 -4 4 -6 -7 -8 10 -10 -11 -12 -13 -14 -15
leaf_value=35.697906494140604 17.774413140614829 31.114949340820296 -1.2142552336057029 44.6532196044922 -0.14940861066182451 25.182763290405276 0.10723012216972659 18.460378901163736 18.450160217285156 45.600651041666673 0.83857194894096931 18.365857950846348 -0.44720806668569379 0.44344390927755156
leaf_weight=3.0000000000000009 2.9999999999999991 5.0000000000000018 5.9999999999999991 2.9999999999999982 6 3.9999999999999991 332 2.9999999999999991 4 2.9999999999999991 8.9999999999999964 3 2326 301
leaf_count=3 3 5 6 3 6 4 332 3 4 3 9 3 2326 301
internal_value=-1.96777e-08 2.23991 20.0111 1.40994 15.9126 0.872802 0.592572 11.3348 29.68 31.5886 5.24402 26.334 -0.324489 0.614473
internal_weight=3011 381 17 364 13 351 347 15 7 11 12 8 2630 304
internal_count=3011 381 17 364 13 351 347 15 7 11 12 8 2630 304
is_linear=0
shrinkage=0.05


Tree=15
num_leaves=15
num_cat=0
split_feature=7 5 43 12 2 9 42 12 24 33 2 6 35 28
split_gain=804948 2.40174e+06 1.34658e+06 1.00219e+06 930666 693824 378900 465790 368470 286977 739427 208400 1.39612e+06 156009
threshold=0.16693883847388805 -0.063454766760364975 0.056557262695925724 0.10952930095845158 131.50000000000003 -0.095851380625068761 0.063484362563668587 -0.089088264329309774 -1.0000000180025095e-35 -0.09214577447129943 95.500000000000014 0.058928782738868313 -0.18609716903455906 0.070625258370807506
decision_type=2 2 2 2 2 2 2 2 2 2 2 2 2 2
left_child=3 2 5 9 13 -2 -3 -8 -4 10 -1 -11 -13 -5
right_child=1 6 8 4 -6 -7 7 -9 -10 11 -12 12 -14 -15
leaf_value=29.002509053548188 27.857235209147127 -0.43504106409942045 20.090679550170893 36.204837036132822 1.3065773691449847 -0.88264602252415225 2.1349630892276763 23.031810760498047 41.551992289225268 -0.29674640864919483 -0.66683087348937986 36.221365388234453 0.44745689511299136 20.079855855305986
leaf_weight=2.9999999999999982 3 79 3 2.9999999999999982 7 7.0000000000000018 7.9999999999999991 3.9999999999999991 5.9999999999999982 2845 7 2.9999999999999991 30 3
leaf_count=3 3 79 3 3 7 7 8 4 6 2845 7 3 30 3
internal_value=-6.22276e-09 4.19833 20.3672 -0.159192 13.6923 7.73932 0.822403 9.10058 34.3982 -0.221543 8.23397 -0.250923 3.69963 28.1423
internal_weight=3011 110 19 2901 13 10 91 12 9 2888 10 2878 33 6
internal_count=3011 110 19 2901 13 10 91 12 9 2888 10 2878 33 6
is_linear=0
shrinkage=0.05


Tree=16
num_leaves=15
num_cat=0
split_feature=14 2 27 7 5 51 12 2 8 12 13 17 15 12
split_gain=751710 1.67101e+06 616633 433529 1.88008e+06 1.5197e+06 530332 748167 366445 272016 241768 237109 190220 930829
threshold=-0.059742494441327093 95.500000000000014 0.16960390580963033 0.16693883847388805 -0.063454766760364975 0.056968901468685197 0.10952930095845158 131.50000000000003 0.16564905740037325 -0.095106970136859634 0.068454583568568858 0.20390656534352566 0.3220040742282762 -1.0000000180025095e-35
decision_type=2 2 2 2 2 2 2 2 2 2 2 2 2 2
left_child=1 2 -1 6 5 9 12 -8 10 -5 -4 -7 -2 -14
right_child=3 -3 8 4 -6 11 7 -9 -10 -11 -12 -13 13 -15
leaf_value=0.95583305358886639 -0.30226003490954989 0.40532456568131847 20.673549906412763 -0.91032436688741059 0.12538294721217383 46.924721272786456 32.27354838053386 1.6923701445261636 7.7260441462198903 17.529290548960368 35.56049255371093 28.329469299316401 -0.41332278421946927 30.27723897298177
leaf_weight=4.0000000000000027 2819 48 5.9999999999999982 5.9999999999999991 84 2.9999999999999991 2.9999999999999982 6 2.9999999999999991 2.9999999999999991 5 4 14.000000000000002 2.9999999999999991
leaf_count=4 2819 48 6 6 84 3 3 6 3 3 5 4 14 3
internal_value=-1.1432e-08 5.27728 18.2692 -0.118269 3.1175 18.8261 -0.232004 11.8861 23.2158 5.23621 27.4403 36.2989 -0.27046 5.00266
internal_weight=3011 66 18 2945 100 16 2845 9 14 9 11 7 2836 17
internal_count=3011 66 18 2945 100 16 2845 9 14 9 11 7 2836 17
is_linear=0
shrinkage=0.05


Tree=17
num_leaves=15
num_cat=0
split_feature=0 4 24 15 24 16 29 13 8 33 27 5 46 34
split_gain=680757 2.7932e+06 1.03404e+06 1.01082e+06 483341 362632 439684 313552 259071 222009 1.13734e+06 141097 1.03598e+06 187130
threshold=1.4736629988770866 0.091609747757794402 -0.061299781060381066 0.3615133633692687 -0.082065267993049987 0.12927639189802589 -0.11858638938565695 0.082482586355256529 -1.0000000180025095e-35 -0.066204537139711625 0.2376429122989441 -0.15285571179578925 0.089984392408653982 0.047727767471270811
decision_type=2 2 2 2 2 2 2 2 2 2 2 2 2 2
left_child=1 2 4 5 7 6 -4 -1 -3 10 -2 12 13 -11
right_child=9 8 3 -5 -6 -7 -8 -9 -10 11 -12 -13 -14 -15
leaf_value=16.883557564871655 -0.33441745638847348 44.554812622070301 19.325543848673504 29.678080240885421 31.959460957845053 15.449326610565187 0.080123177014183311 1.306996981302897 25.117440032958985 -0.18121991961130077 28.871854400634767 -0.34970131434821194 30.778835376103718 12.683035103480023
leaf_weight=6.9999999999999982 20.000000000000004 3 2.9999999999999991 2.9999999999999991 2.9999999999999991 3.9999999999999991 276 6 3.9999999999999991 49 3.9999999999999991 2623 2.9999999999999991 2.9999999999999991
leaf_count=7 20 3 3 3 3 4 276 6 4 49 4 2623 3 3
internal_value=-7.97888e-10 2.22318 1.49943 0.80742 13.8691 0.501371 0.287063 9.69438 33.4477 -0.254242 4.53329 -0.297147 2.2092 0.560949
internal_weight=3011 309 302 286 16 283 279 13 7 2702 24 2678 55 52
internal_count=3011 309 302 286 16 283 279 13 7 2702 24 2678 55 52
is_linear=0
shrinkage=0.05


Tree=18
num_leaves=15
num_cat=0
split_feature=14 2 27 7 5 51 12 2 8 13 32 17 6 26
split_gain=635222 1.3941e+06 526451 353836 1.54281e+06 1.26597e+06 444996 620197 320089 222122 221125 193062 173675 1.23117e+06
threshold=-0.059742494441327093 95.500000000000014 0.16960390580963033 0.16693883847388805 -0.063454766760364975 0.056968901468685197 0.10952930095845158 131.50000000000003 0.16564905740037325 0.0944912948023411 0.080289584140381356 0.20390656534352566 0.083689328922581324 -0.15230230415081139
decision_type=2 2 2 2 2 2 2 2 2 2 2 2 2 2
left_child=1 2 -1 6 5 10 12 -8 9 -4 -5 -7 -2 -14
right_child=3 -3 8 4 -6 11 7 -9 -10 -11 -12 -13 13 -15
leaf_value=0.72055983543395941 -0.28359743191061154 0.40118427624305086 20.885813331604009 15.724607721964524 0.10407244179930007 42.580343627929693 29.451100158691418 1.6078489780426022 6.8115775585174561 36.839346313476554 -0.90085404713948558 25.800950622558588 33.949921449025432 -0.19507928429679439
leaf_weight=4.0000000000000027 2811 48 7.9999999999999982 2.9999999999999982 84 2.9999999999999991 2.9999999999999982 6 2.9999999999999991 3 6 4 3.0000000000000027 22
leaf_count=4 2811 48 8 3 84 3 3 6 3 3 6 4 3 22
internal_value=4.50833e-09 4.85119 16.7179 -0.108719 2.81456 17.0446 -0.211471 10.8889 21.2885 25.2368 4.64097 32.9921 -0.246698 3.90232
internal_weight=3011 66 18 2945 100 16 2845 9 14 11 9 7 2836 25
internal_count=3011 66 18 2945 100 16 2845 9 14 11 9 7 2836 25
is_linear=0
shrinkage=0.05


Tree=19
num_leaves=15
num_cat=0
split_feature=0 4 6 24 12 14 10 16 8 33 27 24 31 5
split_gain=573924 2.35243e+06 867220 673362 501711 428482 457587 324760 207871 191976 983547 166614 118728 117775
threshold=1.4736629988770866 0.091609747757794402 0.058928782738868313 -0.061299781060381066 -0.089088264329309774 -0.13763447293215839 -1.0000000180025095e-35 0.12927639189802589 -1.0000000180025095e-35 -0.066204537139711625 0.2376429122989441 -0.082065267993049987 -0.37855628154740667 -0.15285571179578925
decision_type=2 2 2 2 2 2 2 2 2 2 2 2 2 2
left_child=1 2 3 4 -1 6 -5 -7 -3 10 -2 -6 -11 -14
right_child=9 8 -4 5 11 7 -8 -9 -10 12 -12 -13 13 -15
leaf_value=0.88491512139638262 -0.30813618540763854 40.645650227864571 28.126016235351564 27.561853281656894 14.422342987060544 0.096686411402442246 1.7294116765260696 16.637114779154459 23.234599685668947 9.6679669062296565 26.851767349243165 29.327094523111988 2.0268945592421073 -0.33210978087909077
leaf_weight=6 20.000000000000004 3 2.9999999999999991 3 5 275 3.9999999999999991 2.9999999999999991 3.9999999999999991 2.9999999999999991 3.9999999999999991 2.9999999999999982 54 2621
leaf_count=6 20 3 3 3 5 275 4 3 4 3 4 3 54 2621
internal_value=6.08171e-09 2.04129 1.3771 1.10872 11.8145 0.582819 12.8005 0.27518 30.6965 -0.233442 4.21851 20.0116 -0.27334 -0.284489
internal_weight=3011 309 302 299 14 285 7 278 7 2702 24 8 2678 2675
internal_count=3011 309 302 299 14 285 7 278 7 2702 24 8 2678 2675
is_linear=0
shrinkage=0.05


end of trees

feature_importances:
prompt_approx_tokens=31
embedding_08=27
embedding_10=17
embedding_11=16
embedding_45=16
embedding_03=14
embedding_01=13
embedding_12=12
a2_score=11
embedding_00=10
embedding_29=10
embedding_04=8
embedding_09=8
embedding_23=8
embedding_27=8
embedding_20=7
embedding_32=7
embedding_13=5
embedding_16=5
embedding_22=5
embedding_31=5
embedding_47=5
embedding_05=4
embedding_02=3
embedding_06=3
embedding_07=3
embedding_19=3
embedding_21=3
embedding_25=2
embedding_38=2
embedding_39=2
embedding_40=2
embedding_17=1
embedding_24=1
embedding_28=1
embedding_30=1
embedding_42=1

parameters:
[boosting: gbdt]
[objective: regression]
[metric: rmse]
[tree_learner: serial]
[device_type: cpu]
[data_sample_strategy: bagging]
[data: ]
[valid: ]
[num_iterations: 20]
[learning_rate: 0.05]
[num_leaves: 15]
[num_threads: 1]
[seed: 23]
[deterministic: 0]
[force_col_wise: 1]
[force_row_wise: 0]
[histogram_pool_size: -1]
[max_depth: -1]
[min_data_in_leaf: 3]
[min_sum_hessian_in_leaf: 0.001]
[bagging_fraction: 1]
[pos_bagging_fraction: 1]
[neg_bagging_fraction: 1]
[bagging_freq: 0]
[bagging_seed: 25556]
[bagging_by_query: 0]
[feature_fraction: 1]
[feature_fraction_bynode: 1]
[feature_fraction_seed: 31605]
[extra_trees: 0]
[extra_seed: 3808]
[early_stopping_round: 0]
[early_stopping_min_delta: 0]
[first_metric_only: 0]
[max_delta_step: 0]
[lambda_l1: 0]
[lambda_l2: 0]
[linear_lambda: 0]
[min_gain_to_split: 0]
[drop_rate: 0.1]
[max_drop: 50]
[skip_drop: 0.5]
[xgboost_dart_mode: 0]
[uniform_drop: 0]
[drop_seed: 6130]
[top_rate: 0.2]
[other_rate: 0.1]
[min_data_per_group: 100]
[max_cat_threshold: 32]
[cat_l2: 10]
[cat_smooth: 10]
[max_cat_to_onehot: 4]
[top_k: 20]
[monotone_constraints: ]
[monotone_constraints_method: basic]
[monotone_penalty: 0]
[feature_contri: ]
[forcedsplits_filename: ]
[refit_decay_rate: 0.9]
[cegb_tradeoff: 1]
[cegb_penalty_split: 0]
[cegb_penalty_feature_lazy: ]
[cegb_penalty_feature_coupled: ]
[path_smooth: 0]
[interaction_constraints: ]
[verbosity: -1]
[saved_feature_importance_type: 0]
[use_quantized_grad: 0]
[num_grad_quant_bins: 4]
[quant_train_renew_leaf: 0]
[stochastic_rounding: 1]
[linear_tree: 0]
[max_bin: 255]
[max_bin_by_feature: ]
[min_data_in_bin: 3]
[bin_construct_sample_cnt: 200000]
[data_random_seed: 113]
[is_enable_sparse: 1]
[enable_bundle: 1]
[use_missing: 1]
[zero_as_missing: 0]
[feature_pre_filter: 1]
[pre_partition: 0]
[two_round: 0]
[header: 0]
[label_column: ]
[weight_column: ]
[group_column: ]
[ignore_column: ]
[categorical_feature: ]
[forcedbins_filename: ]
[precise_float_parser: 0]
[parser_config_file: ]
[objective_seed: 16714]
[num_class: 1]
[is_unbalance: 0]
[scale_pos_weight: 1]
[sigmoid: 1]
[boost_from_average: 1]
[reg_sqrt: 0]
[alpha: 0.9]
[fair_c: 1]
[poisson_max_delta_step: 0.7]
[tweedie_variance_power: 1.5]
[lambdarank_truncation_level: 30]
[lambdarank_norm: 1]
[label_gain: ]
[lambdarank_position_bias_regularization: 0]
[eval_at: ]
[multi_error_top_k: 1]
[auc_mu_weights: ]
[num_machines: 1]
[local_listen_port: 12400]
[time_out: 120]
[machine_list_filename: ]
[machines: ]
[gpu_platform_id: -1]
[gpu_device_id: -1]
[gpu_device_id_list: ]
[gpu_use_dp: 0]
[num_gpu: 1]

end of parameters

pandas_categorical:null
