tree
version=v4
num_class=1
num_tree_per_iteration=1
label_index=0
max_feature_idx=51
objective=binary sigmoid:1
feature_names=a2_score has_code_fence prompt_approx_tokens prompt_chars embedding_00 embedding_01 embedding_02 embedding_03 embedding_04 embedding_05 embedding_06 embedding_07 embedding_08 embedding_09 embedding_10 embedding_11 embedding_12 embedding_13 embedding_14 embedding_15 embedding_16 embedding_17 embedding_18 embedding_19 embedding_20 embedding_21 embedding_22 embedding_23 embedding_24 embedding_25 embedding_26 embedding_27 embedding_28 embedding_29 embedding_30 embedding_31 embedding_32 embedding_33 embedding_34 embedding_35 embedding_36 embedding_37 embedding_38 embedding_39 embedding_40 embedding_41 embedding_42 embedding_43 embedding_44 embedding_45 embedding_46 embedding_47
feature_infos=[0.39013352386219602:0.87149146772575881] none [8:965] [34:3860] [-0.41087217443874041:0.61782155193190347] [-0.48471791416315496:0.50738849249045237] [-0.58520573598065284:0.1637091018140116] [-0.457495710997814:0.48970210687439175] [-0.41646336503628284:0.36980013081681939] [-0.46164353574848277:0.27910827799011501] [-0.49030428616306426:0.35382651028683815] [-0.41130179815941625:0.42628184178677897] [-0.7761441759351253:0.25514595333753737] [-0.25087260300212721:0.56200266417119338] [-0.38669459561826541:0.57796492950336786] [-0.48622141449773226:0.48730810225589299] [-0.55001909821692674:0.39036002917941331] [-0.23408229439226114:0.70149986857704305] [-0.3596943895981084:0.42459591394742019] [-0.3481553119113957:0.47546492756792713] [-0.3245134270208202:0.52075564392329554] [-0.39082557499682519:0.32882426898275152] [-0.41281254969226883:0.45401858887714786] [-0.49763795114508702:0.41301708893558936] [-0.53839652650374503:0.42173074971558477] [-0.30845685446746224:0.51089105201080265] [-0.40388187304691769:0.36099410255771208] [-0.2290393337255473:0.6393508022779113] [-0.40927275453502904:0.33633639699815621] [-0.42444648726183282:0.25630729731502827] [-0.73874861306336814:0.21031022607861385] [-0.4681734716045628:0.40689422938557973] [-0.30599503068105227:0.41130179815941625] [-0.2520988421229669:0.59213690821293896] [-0.43249857361756672:0.4493247650413843] [-0.64379044019311227:0.34731435582359393] [-0.48314531438551706:0.27044936151312532] [-0.3576777653141881:0.55381861969499646] [-0.5121475197315839:0.33776026473659926] [-0.53951250094920478:0.43748483228844198] [-0.63167616570923679:0.68475227121768012] [-0.48949020986880254:0.48218561322280346] [-0.46114398896535042:0.38087317795088099] [-0.44766148103584524:0.36014120303280989] [-0.39773369280899523:0.42008402520840299] [-0.48434471241406046:0.48800932206302489] [-0.75925660236529657:0.33806170189140661] [-0.51314236049113426:0.3563249516154553] [-0.43560684186903209:0.43070552164653242] [-0.42111744380615784:0.62985816774525505] [-0.35666297896665838:0.37577968896651326] [-0.51047656089015592:0.41650600860529929]
tree_sizes=1677 1733 1742 1733 1733 1749 1736 1749 1743 1745 1731 1732 1736 1740 1750 1738 1743 1739 1748 1731 1744 1741 1728 1742 1746 1740 1740 1742 1756 1746

Tree=0
num_leaves=15
num_cat=0
split_feature=49 32 43 37 6 2 26 39 3 42 11 36 11 2
split_gain=296.737 68.0341 37.9355 27.9501 27.342 24.4572 20.2585 19.9928 19.3664 17.563 15.6957 15.0457 14.843 14.3791
threshold=0.064746031227456216 0.044367889943113199 0.033165626289016759 0.037460219674016547 -0.11300386514961884 55.500000000000007 -0.11377781226590922 0.10527942082893886 984.50000000000011 0.083313295790435976 -0.12368000889242496 -0.18546233323434561 0.08488579241812054 137.50000000000003
decision_type=2 2 2 2 2 2 2 2 2 2 2 2 2 2
left_child=4 2 13 6 8 11 -3 -4 -1 -7 -8 -5 -6 -2
right_child=1 3 7 5 12 9 10 -9 -10 -11 -12 -13 -14 -15
leaf_value=0.30529293141655495 0.26883918091416931 0.2427632243788122 0.27493540133716715 0.18303487846047498 0.18086399996732477 0.32287207993665645 0.23931504363302289 0.21249299970232433 0.20118806816451296 0.2704957625508535 0.30222387077373281 0.28952278592076908 0.37704709342238063 0.31547974966511955
leaf_weight=9.0587082505226153 32.807213664054871 17.8725865483284 20.565716028213501 4.896599054336547 62.186807990074158 304.56846117973328 10.527687966823576 34.031363427639008 8.8138782978057844 16.89326673746109 170.40164709091187 10.282858014106749 0.97931981086730857 33.296873569488525
leaf_count=37 134 73 84 20 254 1244 43 139 36 69 696 42 4 136
internal_value=0.28962 0.300768 0.266858 0.308412 0.199354 0.317191 0.293547 0.236014 0.253954 0.32012 0.298563 0.255172 0.183906 0.292332
internal_weight=737.183 656.144 120.701 535.443 81.0387 336.641 198.802 54.5971 17.8726 321.462 180.929 15.1795 63.1661 66.1041
internal_count=3011 2680 493 2187 331 1375 812 223 73 1313 739 62 258 270
is_linear=0
shrinkage=1


Tree=1
num_leaves=15
num_cat=0
split_feature=49 32 43 37 6 2 26 39 25 42 21 45 47 16
split_gain=265.211 61.472 33.9035 25.4256 24.001 22.1499 18.1977 17.7115 17.3367 15.9596 14.3931 17.9753 14.827 14.1304
threshold=0.064746031227456216 0.044367889943113199 0.033165626289016759 0.037460219674016547 -0.11300386514961884 55.500000000000007 -0.11377781226590922 0.10527942082893886 0.039223261841212012 0.083313295790435976 0.060097742895219901 -0.030744277787788279 -0.15016455951132121 -0.20365337135461239
decision_type=2 2 2 2 2 2 2 2 2 2 2 2 2 2
left_child=4 2 -2 6 8 -5 -3 -4 -1 -7 13 -12 -13 -8
right_child=1 3 7 5 -6 9 10 -9 -10 -11 11 12 -14 -15
leaf_value=0.017665466336093217 0.0025802387429187212 -0.044231074383342978 -0.013920607857460736 -0.03258095509891986 -0.099162370992258567 0.031753918417425496 0.05665339935458296 -0.072548761039826173 -0.08071744976838191 -0.01811816533496291 0.020072041546681737 0.086958627535378488 -0.067420980647997023 0.0094627748852305626
leaf_weight=8.5718040615320223 66.069772571325302 17.983733132481575 20.608102262020111 15.241356760263441 63.94880136847496 303.03361243009567 18.090136751532555 34.360664993524551 9.3755045980215055 16.938271209597588 14.915311887860296 1.7106396406888951 17.127169668674473 128.8407377153635
leaf_count=35 270 73 84 62 258 1244 74 139 38 69 61 7 70 527
internal_value=7.02787e-06 0.0106148 -0.021557 0.0179086 -0.0848228 0.0263087 0.003735 -0.0505687 -0.0337288 0.0291139 0.00850913 -0.0209342 -0.0534019 0.0152729
internal_weight=736.816 654.92 121.039 533.881 81.8961 335.213 198.668 54.9688 17.9473 319.972 180.684 33.7531 18.8378 146.931
internal_count=3011 2680 493 2187 331 1375 812 223 73 1313 739 138 77 601
is_linear=0
shrinkage=0.05


Tree=2
num_leaves=15
num_cat=0
split_feature=49 32 43 37 6 2 26 3 39 42 3 40 4 47
split_gain=238.121 55.5772 30.3904 23.1309 21.3566 20.0718 16.3666 16.186 15.7975 14.5071 13.8468 19.1454 21.0056 17.0684
threshold=0.064746031227456216 0.044367889943113199 0.033165626289016759 0.037460219674016547 -0.11300386514961884 55.500000000000007 -0.11377781226590922 984.50000000000011 0.10527942082893886 0.083313295790435976 1533.0000000000002 0.028056547089682908 -0.025279880456819021 -0.16770571247127028
decision_type=2 2 2 2 2 2 2 2 2 2 2 2 2 2
left_child=4 2 -2 6 7 -5 -3 -1 -4 -7 11 13 -13 -8
right_child=1 3 8 5 -6 9 10 -9 -10 -11 -12 12 -14 -15
leaf_value=0.015236753330014383 0.0024521728719589311 -0.041810279785396448 -0.013199433974972653 -0.030829253086436827 -0.093562030533023588 0.030331534391550043 -0.063340019516821305 -0.079603919030379666 -0.068471049040324555 -0.017170692538929555 0.066032515624326368 0.0084488741658189578 -0.053410275225305753 0.021052750145386025
leaf_weight=9.0424654632806796 66.044936954975128 18.071343317627907 20.646346628665924 15.300399661064146 64.375088602304459 301.42354035377502 6.3402856886386862 8.9529695361852628 34.580413401126862 16.978207781910896 9.7563395947217924 30.540228277444839 24.922869741916656 108.85345312952995
leaf_count=37 270 73 84 62 258 1244 26 36 139 69 40 125 102 446
internal_value=1.18796e-05 0.0101104 -0.0204361 0.0170712 -0.0801012 0.0251104 0.0035551 -0.0319477 -0.0478079 0.0277986 0.00809918 0.00478717 -0.0193481 0.0164078
internal_weight=735.829 653.458 121.272 532.187 82.3705 333.702 198.485 17.9954 55.2268 318.402 180.413 170.657 55.4631 115.194
internal_count=3011 2680 493 2187 331 1375 812 73 223 1313 739 699 227 472
is_linear=0
shrinkage=0.05


Tree=3
num_leaves=15
num_cat=0
split_feature=49 32 43 37 6 2 26 11 46 26 22 36 42 11
split_gain=214.657 50.2709 27.3113 21.0497 19.2484 18.1946 15.2826 14.8149 14.3538 13.8364 13.4435 13.2949 13.19 13.1837
threshold=0.064746031227456216 0.044367889943113199 0.033165626289016759 0.037460219674016547 -0.098592826274913656 55.500000000000007 -0.10420423989742142 -0.12368000889242496 0.062745945227354064 -0.11377781226590922 -0.033465297844394649 -0.18546233323434561 0.083313295790435976 0.08488579241812054
decision_type=2 2 2 2 2 2 2 2 2 2 2 2 2 2
left_child=4 2 -2 7 6 11 -1 -3 -4 -9 -8 -5 -7 -6
right_child=1 3 8 5 13 12 10 9 -10 -11 -12 -13 -14 -15
leaf_value=-0.089646259281215779 0.0023304283872652948 -0.04912332443773576 -0.055090243029966818 -0.096317873096781317 -0.092181313266891093 0.028979348063651184 -0.10848568508058827 -0.037278837003018976 0.02077412029335457 0.011154605089475817 0.027543977950346646 0.0030668746053758951 -0.016277315174759891 0.091583369991845159
leaf_weight=7.2322394996881512 66.021146088838577 12.581000640988348 48.225813075900078 4.9821549654006949 62.247810870409012 299.75676345825195 2.2295775860548028 16.150625124573708 7.1607012897729865 169.5476628690958 9.7982115298509562 10.36692702770233 17.013604938983917 0.9915541410446157
leaf_count=29 270 51 194 20 249 1244 9 65 29 696 40 42 69 4
internal_value=1.51335e-05 0.00963281 -0.0193905 0.0162762 -0.0759716 0.0239725 -0.0322086 0.00338482 -0.045282 0.00694223 0.00232831 -0.0291924 0.0265486 -0.0893
internal_weight=734.306 651.806 121.408 530.399 82.4994 332.119 19.26 198.279 55.3865 185.698 12.0278 15.3491 316.77 63.2394
internal_count=3011 2680 493 2187 331 1375 78 812 223 761 49 62 1313 253
is_linear=0
shrinkage=0.05


Tree=4
num_leaves=15
num_cat=0
split_feature=49 32 2 0 42 2 27 13 33 49 6 15 39 45
split_gain=194.217 45.4793 25.5642 22.3089 19.2915 20.884 19.9772 20.6641 18.3151 19.3389 17.555 17.4753 16.7623 14.7609
threshold=0.064746031227456216 0.044367889943113199 154.50000000000003 0.70806349585829198 -0.039133574665493241 381.50000000000006 0.061085041110589856 0.22800602830344743 0.28365712523305636 0.37428457892995243 -0.11300386514961884 0.091478020888058412 0.076819023245762216 0.071428963638201629
decision_type=2 2 2 2 2 2 2 2 2 2 2 2 2 2
left_child=10 2 8 -4 6 11 7 -3 -2 12 -1 13 -10 -6
right_child=1 4 3 -5 5 -7 -8 -9 9 -11 -12 -13 -14 -15
leaf_value=-0.028688757413411384 -0.049633528500260322 -0.007757100941913642 -0.032643865582853752 0.04179860627032958 0.010083787640073946 0.062500818278226233 0.031085318628321763 0.050430130440810864 0.088324512227612659 0.061056612048860516 -0.084560370260224005 -0.038861105287413392 -0.064005868111361247 -0.04079476604371958
leaf_weight=17.992492869496346 58.158648103475571 76.392394617199898 16.440443888306618 25.948900833725929 147.88654156029224 13.95143088698387 229.34270611405373 19.066325053572655 2.2092932313680675 8.8509422987699491 64.31172114610672 26.119609296321869 9.8915118724107725 15.776285514235495
leaf_count=73 235 316 67 106 610 58 952 79 9 36 258 107 40 65
internal_value=1.64992e-05 0.00917872 -0.0184053 0.0129266 0.0155197 0.00345846 0.0230853 0.00386485 -0.0351937 0.00488878 -0.0723463 -0.000881906 -0.0361943 0.00517935
internal_weight=732.339 650.035 121.5 42.3893 528.535 203.734 324.801 95.4587 79.1104 20.9517 82.3042 189.782 12.1008 163.663
internal_count=3011 2680 493 173 2187 840 1347 395 320 85 331 782 49 675
is_linear=0
shrinkage=0.05


Tree=5
num_leaves=15
num_cat=0
split_feature=49 32 43 39 37 6 2 19 36 18 26 3 27 22
split_gain=176.033 41.1307 24.1957 23.7807 18.8914 16.1785 16.0591 14.4863 17.0536 14.4759 13.7913 13.7148 18.5728 15.1183
threshold=0.064746031227456216 0.044367889943113199 -0.058722283793909806 0.10946270121604439 0.037460219674016547 -0.098592826274913656 55.500000000000007 -0.036369863142990774 -0.23916498231655484 -0.1171312400494839 -0.10420423989742142 1533.0000000000002 0.062393467048305097 0.050323425630806405
decision_type=2 2 2 2 2 2 2 2 2 2 2 2 2 2
left_child=5 2 -2 9 7 10 -6 -3 -9 -4 -1 12 -10 -14
right_child=1 4 3 -5 6 -7 -8 8 11 -11 -12 -13 13 -15
leaf_value=-0.083533545776130438 0.032428888305131374 -0.028409422253481621 -0.090505792714893868 -0.050181428643645214 -0.027787697846494205 -0.081339915249005176 0.024571149327591947 0.046993233261888388 -0.026523375512502362 0.0069567131656492883 0.003820843323011153 0.058138608494212422 -0.015978708568940365 0.028663424310983832
leaf_weight=7.2322146445512798 20.243592619895935 31.680860444903374 4.1779350936412802 53.863213554024696 15.361358463764189 62.690599590539932 313.90622548758984 24.507813915610313 49.871067479252815 43.247994586825371 12.04081369936466 10.040606737136839 30.028372213244438 51.475293666124344
leaf_count=29 83 130 17 217 62 253 1313 101 204 176 49 42 123 212
internal_value=1.83388e-05 0.00874573 -0.0174745 -0.0274481 0.0147939 -0.069023 0.0221284 0.00257236 0.00848792 -0.00162914 -0.0289589 0.00181481 -0.00248987 0.0122159
internal_weight=730.368 648.404 121.533 101.289 526.872 81.9636 329.268 197.604 165.923 47.4259 19.273 141.415 131.375 81.5037
internal_count=3011 2680 493 410 2187 331 1375 812 682 193 78 581 539 335
is_linear=0
shrinkage=0.05


Tree=6
num_leaves=15
num_cat=0
split_feature=49 32 2 0 2 40 27 33 49 30 39 6 24 25
split_gain=160.033 37.2188 22.152 19.8562 17.2792 28.3363 19.3422 16.2171 17.2757 15.3831 14.9953 14.987 13.9561 12.8865
threshold=0.064746031227456216 0.044367889943113199 154.50000000000003 0.72161795268179663 332.50000000000006 0.082329140468648865 0.049394149524824404 0.28365712523305636 0.37428457892995243 -0.41962300982901474 0.076819023245762216 -0.11300386514961884 -0.024235252447969331 0.085991229723020368
decision_type=2 2 2 2 2 2 2 2 2 2 2 2 2 2
left_child=11 2 7 -4 5 6 9 -2 10 -3 -9 13 -8 -1
right_child=1 4 3 -5 -6 -7 12 8 -10 -11 -12 -13 -14 -15
leaf_value=0.0097655389200826028 -0.045736489974595868 -0.068049039042338472 -0.025381719418994281 0.043520197244008012 0.052136423737927609 -0.012976177310309214 -0.0084026155535362971 0.085523880689469506 0.058983270888504857 0.0027453170805541681 -0.059193370094428349 -0.077504707002488057 0.026121240915619782 -0.076127538725916502
leaf_weight=10.544941887259485 58.331801652908325 8.7367736846208555 18.9558375030756 23.319242045283318 28.260564371943474 92.777523159980774 32.44040647149086 2.1835270971059826 8.7839617580175382 63.043266087770462 9.9322063624858838 63.366822078824043 299.80034029483795 7.4531333595514289
leaf_count=43 235 36 77 96 119 383 135 9 36 261 40 258 1253 30
internal_value=1.88892e-05 0.00833541 -0.0166019 0.0126251 0.0141063 0.0119429 0.0176652 -0.0321963 0.00559481 -0.00587148 -0.0331121 -0.0660683 0.0227503 -0.0258034
internal_weight=727.93 646.565 121.507 42.2751 525.059 496.798 404.021 79.2315 20.8997 71.78 12.1157 81.3649 332.241 17.9981
internal_count=3011 2680 493 173 2187 2068 1685 320 85 297 49 331 1388 73
is_linear=0
shrinkage=0.05


Tree=7
num_leaves=15
num_cat=0
split_feature=49 32 43 42 17 27 13 49 23 6 19 24 46 11
split_gain=145.793 33.6765 20.9666 16.8774 17.58 16.7011 18.9822 15.2507 15.3311 13.9342 13.7031 13.4071 12.7675 12.2237
threshold=0.064746031227456216 0.044367889943113199 0.030729624109931537 -0.039133574665493241 0.31113452327338992 0.061085041110589856 0.22800602830344743 0.39012808612113842 0.092127984746822919 -0.098592826274913656 -0.11349240627133611 -0.032359293305674316 0.062745945227354064 0.08488579241812054
decision_type=2 2 2 2 2 2 2 2 2 2 2 2 2 2
left_child=9 2 -2 5 7 6 -3 8 -5 -1 -7 -12 -4 -11
right_child=1 3 12 4 -6 10 -8 -9 -10 13 11 -13 -14 -15
leaf_value=-0.026186487491450191 0.0034056468418708938 -0.0081144050831891204 -0.047613943848706868 -0.011873217985765121 0.022783421021235123 -0.045261182292353451 0.047965736658498515 0.012353122316946765 -0.068569760881986755 -0.07787519699418749 -0.0083163159970632179 0.034021995495465591 0.023002861411338546 0.098401070639069749
leaf_weight=19.18241648375988 65.498812317848206 76.203097343444824 48.48446586728096 66.169976934790611 68.335498720407486 6.2115779370069495 18.814881533384323 53.403937742114067 14.544178873300551 60.408470794558525 20.636829167604446 199.07603448629379 7.3742853850126258 0.99973595142364402
leaf_count=78 268 316 195 273 285 26 79 222 60 249 86 840 30 4
internal_value=1.91601e-05 0.00794438 -0.0157867 0.0134468 0.00214212 0.0205779 0.00299024 -0.00837498 -0.0220896 -0.0633854 0.0279748 0.0300453 -0.0382913 -0.0750054
internal_weight=725.344 644.754 121.358 523.396 202.454 320.942 95.018 134.118 80.7142 80.5906 225.924 219.713 55.8588 61.4082
internal_count=3011 2680 493 2187 840 1347 395 555 333 331 952 926 225 253
is_linear=0
shrinkage=0.05


Tree=8
num_leaves=15
num_cat=0
split_feature=49 40 2 5 2 43 27 35 27 6 25 2 42 19
split_gain=133.012 30.5772 46.7717 19.8972 13.9575 13.2841 13.7273 13.6987 13.22 13.1518 12.6838 12.1727 12.0158 11.8344
threshold=0.064746031227456216 0.073081120047150686 353.50000000000006 0.049386590005056942 87.500000000000014 0.021879776030983702 0.23173647127336858 -0.061706696853632281 0.10013276477601839 -0.11300386514961884 0.17596406740280388 262.50000000000006 0.10737097598396628 0.098420186749871311
decision_type=2 2 2 2 2 2 2 2 2 2 2 2 2 2
left_child=9 3 5 4 8 12 7 -7 -2 11 -6 -1 -3 -10
right_child=1 2 -4 -5 10 6 -8 -9 13 -11 -12 -13 -14 -15
leaf_value=0.011247822075101624 -0.039220538827915714 -0.0015367982430864371 0.046814692784716047 0.026035592500249744 0.015919981901945969 -0.054394320814009703 0.038584083563465682 -0.0052395090702617962 -0.0061750311111949049 -0.071861343737492853 -0.054956194332529101 -0.072352397316148093 -0.081903675857847857 0.067900211826926696
leaf_weight=10.550854593515398 29.163150131702423 79.842629641294479 31.379459902644157 208.45733353495598 158.60347482562065 51.788973897695541 5.8734060972928992 19.514712914824486 40.558555155992508 61.740910083055496 6.5739822536706916 7.4138455688953391 4.9385748356580725 6.2186009138822547
leaf_count=43 121 329 133 877 662 211 24 80 170 258 27 30 20 26
internal_value=1.88893e-05 0.00757205 -0.00905578 0.0147228 0.00494233 -0.0198807 -0.0348893 -0.0409414 -0.0127995 -0.0609056 0.0130991 -0.0232531 -0.00621823 0.0036726
internal_weight=722.618 642.913 193.338 449.575 241.118 161.958 77.1771 71.3037 75.9403 79.7056 165.177 17.9647 84.7812 46.7772
internal_count=3011 2680 797 1883 1006 664 315 291 317 331 689 73 349 196
is_linear=0
shrinkage=0.05


Tree=9
num_leaves=15
num_cat=0
split_feature=49 32 43 39 37 2 18 19 36 6 36 4 33 0
split_gain=121.581 28.8655 19.4597 18.4264 16.3864 14.1381 12.9524 12.8718 15.1115 12.3691 12.1951 12.0332 12.7928 14.7162
threshold=0.064746031227456216 0.044367889943113199 -0.058722283793909806 0.10946270121604439 0.037460219674016547 55.500000000000007 -0.1171312400494839 -0.036369863142990774 -0.23916498231655484 -0.098592826274913656 -0.18546233323434561 0.091609747757794402 0.33920781161926067 0.68562822781343524
decision_type=2 2 2 2 2 2 2 2 2 2 2 2 2 2
left_child=9 2 -2 6 7 10 -4 -3 -9 -1 -6 12 13 -10
right_child=1 4 3 -5 5 -7 -8 8 11 -11 -12 -13 -14 -15
leaf_value=-0.023648820992497266 0.030233716800438772 -0.028282231323237952 -0.084699159319391149 -0.043780952754878359 -0.091749774264957396 0.021559454305646299 0.0071940405049138309 0.043162577725618469 -0.024054253508801329 -0.06987749135614145 0.0033454825379817424 -0.048244238467102754 -0.03751589993251097 0.019997144438126623
leaf_weight=19.113434791564941 20.03328263759613 31.647047057747841 4.2088624387979499 53.628613069653511 4.9966920614242545 308.87763379514217 43.125509798526764 24.046851098537445 24.114282935857773 59.555325359106064 10.364646628499029 11.717207029461859 15.757435679435728 88.682087481021881
leaf_count=78 83 130 17 217 20 1313 176 101 99 253 42 48 65 369
internal_value=1.8301e-05 0.00721578 -0.0147812 -0.0237132 0.0123322 0.0192311 -0.000976889 0.00091736 0.0065411 -0.0586457 -0.0275868 0.000263029 0.00468429 0.0105796
internal_weight=719.869 641.2 120.996 100.963 520.204 324.239 47.3344 195.965 164.318 78.6688 15.3613 140.271 128.554 112.796
internal_count=3011 2680 493 410 2187 1375 193 812 682 331 62 581 533 468
is_linear=0
shrinkage=0.05


Tree=10
num_leaves=15
num_cat=0
split_feature=49 32 2 0 28 47 12 27 3 33 49 39 35 20
split_gain=111.184 26.135 18.0037 16.9978 15.9467 19.1099 15.0545 22.3327 16.8443 13.7959 14.9661 13.0952 12.199 13.9449
threshold=0.064746031227456216 0.044367889943113199 154.50000000000003 0.72161795268179663 -0.099258559209656275 -0.16467757132200561 -0.21951502796777667 -0.02306131161053036 1252.5000000000002 0.28365712523305636 0.37428457892995243 0.076819023245762216 -0.05643347943816162 0.34756506494189615
decision_type=2 2 2 2 2 2 2 2 2 2 2 2 2 2
left_child=12 2 9 -4 -3 -6 7 -7 -8 -2 11 -11 -1 -14
right_child=1 4 3 -5 5 6 8 -9 -10 10 -12 -13 13 -15
leaf_value=0.011186361338629753 -0.040655839370274539 -0.016063307883518285 -0.02265727280375936 0.041258532121659447 -0.02359129912614101 -0.030680203082227759 -0.009413325359275861 0.0250903916975878 0.048942816647768145 0.082733494752447956 0.056892580108373038 -0.053538421829696703 -0.068425879257693764 0.017314334967979784
leaf_weight=6.1318912506103507 58.073036387562752 46.845603927969933 18.97870084643364 23.017809152603149 30.741475790739059 18.993688687682152 80.433997258543968 326.75911332666874 14.612163305282591 2.1455869674682644 8.6845167577266675 9.8855362832546216 66.374522864818573 5.1071687638759604
leaf_count=25 235 196 77 96 128 79 335 1386 63 9 36 40 285 21
internal_value=1.72434e-05 0.00687934 -0.0140662 0.0123743 0.0117597 0.0145238 0.017182 0.0220267 -0.000441795 -0.0281597 0.00687116 -0.0292362 -0.0564942 -0.0623
internal_weight=716.785 639.171 120.785 41.9965 518.386 471.54 440.799 345.753 95.0462 78.7887 20.7156 12.0311 77.6136 71.4817
internal_count=3011 2680 493 173 2187 1991 1863 1465 398 320 85 49 331 306
is_linear=0
shrinkage=0.05


Tree=11
num_leaves=15
num_cat=0
split_feature=49 40 2 5 2 27 25 20 0 25 16 25 23 24
split_gain=101.877 24.7957 39.5386 17.425 12.467 11.672 11.4567 11.8105 12.9794 10.8839 11.3377 10.8813 12.2245 12.9819
threshold=0.064746031227456216 0.073081120047150686 353.50000000000006 0.049386590005056942 87.500000000000014 0.10013276477601839 -0.072399626895843214 0.34756506494189615 0.72760748184273594 0.17596406740280388 -0.04445548755871561 0.044280808119087266 0.07044703603295023 0.11267729944605209
decision_type=2 2 2 2 2 2 2 2 2 2 2 2 2 2
left_child=6 3 11 4 5 -2 -1 8 -8 10 -6 12 -3 -14
right_child=1 2 -4 -5 9 -7 7 -9 -10 -11 -12 -13 13 -15
leaf_value=0.098338832023769251 -0.037678113396906354 0.0060531302448281303 0.043576670302188404 0.023713033606134588 0.0242047459195977 0.0026591523713541936 -0.068173812819256857 0.016470624365658323 0.01690755521755544 -0.051242300806802532 -0.0038829184170135647 -0.031002357068332528 -0.053952081777604889 0.083408636473320502
leaf_weight=1.2061839848756779 29.214365303516388 59.78370600938797 30.682026788592339 205.66568243503571 101.55450415611267 46.444497838616371 65.295993834733963 5.1005170047283164 4.8129656612873069 6.6067955046892157 55.597519114613533 82.737895175814629 17.007486000657085 1.9136442095041264
leaf_count=5 121 247 133 877 429 196 285 21 20 27 233 339 70 8
internal_value=1.64899e-05 0.00655868 -0.0084536 0.0130389 0.00386953 -0.0129164 -0.054537 -0.0569887 -0.062333 0.0116249 0.0142678 -0.0183419 -0.00503268 -0.0400597
internal_weight=713.624 637.208 192.125 445.083 239.418 75.6589 76.4157 75.2095 70.109 163.759 157.152 161.443 78.7048 18.9211
internal_count=3011 2680 797 1883 1006 317 331 326 305 689 662 664 325 78
is_linear=0
shrinkage=0.05


Tree=12
num_leaves=15
num_cat=0
split_feature=49 40 2 5 2 35 20 43 23 27 42 30 4 16
split_gain=93.4794 22.4483 35.9671 15.878 11.2646 11.0504 12.0795 10.8123 12.4453 11.8188 10.6069 10.5314 13.4105 11.9793
threshold=0.064746031227456216 0.073081120047150686 356.50000000000006 0.049386590005056942 87.500000000000014 -0.05643347943816162 0.34756506494189615 0.021879776030983702 -0.071706419395340212 0.23493187870145998 0.10737097598396628 -0.39818164876211298 0.095130481433605626 -0.1370556203404962
decision_type=2 2 2 2 2 2 2 2 2 2 2 2 2 2
left_child=5 3 7 4 -2 -1 -7 10 -9 -10 -3 13 -13 -6
right_child=1 2 -4 -5 11 6 -8 8 9 -11 -12 12 -14 -15
leaf_value=0.011720435225286987 -0.012246511066063595 -0.00066771234728104495 0.042634991117663834 0.022661065357374555 0.031300027834125353 -0.064338766400585445 0.015669081116616603 0.018387374608358344 -0.04386841040386999 0.055340809643890598 -0.075876204694141511 0.019329228266363817 -0.05190302253534438 -0.049896398463700302
leaf_weight=6.1100962162017813 75.794692486524582 80.479105353355408 29.614324659109116 204.48314221203327 6.8457555621862438 63.92186427116394 5.0935399234294882 10.977921947836874 62.681381240487099 3.1529953926801673 4.9780504405498496 135.99718868732452 6.9448552876710883 13.501589477062224
leaf_count=25 317 332 130 877 29 285 21 45 257 13 20 575 29 56
internal_value=1.54449e-05 0.006251 -0.00803733 0.012432 0.00368336 -0.0527282 -0.058434 -0.0172851 -0.0308985 -0.039117 -0.00504876 0.0110776 0.0158684 -0.0225783
internal_weight=710.577 635.451 191.884 443.567 239.084 75.1255 69.0154 162.269 76.8123 65.8344 85.4572 163.289 142.942 20.3473
internal_count=3011 2680 797 1883 1006 331 306 667 315 270 352 689 604 85
is_linear=0
shrinkage=0.05


Tree=13
num_leaves=15
num_cat=0
split_feature=49 32 43 46 37 2 19 36 36 21 6 11 51 32
split_gain=85.8333 21.142 15.9699 14.349 14.3482 11.7914 11.5271 13.4194 11.3111 11.1124 10.5591 10.867 10.4112 10.3447
threshold=0.064746031227456216 0.044367889943113199 -0.058722283793909806 0.049029140027410399 0.037460219674016547 55.500000000000007 -0.036369863142990774 -0.23916498231655484 -0.18546233323434561 0.055502077051614744 -0.11300386514961884 0.08488579241812054 0.16050018219200443 0.042272217416131033
decision_type=2 2 2 2 2 2 2 2 2 2 2 2 2 2
left_child=10 2 13 -4 6 8 -3 -8 -6 -5 -1 -12 -9 -2
right_child=1 4 3 9 5 -7 7 12 -10 -11 11 -13 -14 -15
leaf_value=-0.01722162605891913 0.037451414115433235 -0.027974698965117901 -0.030120193365849864 0.040033892797629367 -0.087694048197037702 0.019047613025909019 0.039919340917364363 0.0030586654077968956 0.0039151915656901346 -0.050676979847108485 -0.064557568488115599 0.10180653292549083 -0.048322960223135085 -0.11199969903615437
leaf_weight=17.601993560791016 18.535111442208294 31.604675590991974 81.443047672510147 14.2224657535553 4.9914160817861548 304.04253886640072 23.561789706349373 128.45443189144135 10.369747340679167 4.4271534234285346 55.204345613718033 0.999357670545577 10.678345784544943 1.2350140064954747
leaf_count=73 78 130 333 59 20 1313 101 537 42 18 254 4 44 5
internal_value=1.41859e-05 0.00595879 -0.0129499 -0.021061 0.0103708 0.0168882 -0.000343132 0.00502451 -0.0258521 0.0185004 -0.0510157 -0.0615994 -0.000884839 0.0281154
internal_weight=707.371 633.566 119.863 100.093 513.703 319.404 194.299 162.695 15.3612 18.6496 73.8057 56.2037 139.133 19.7701
internal_count=3011 2680 493 410 2187 1375 812 682 62 77 331 258 581 83
is_linear=0
shrinkage=0.05


Tree=14
num_leaves=15
num_cat=0
split_feature=49 42 47 3 40 21 43 48 50 15 7 20 4 6
split_gain=78.8492 19.7515 21.1249 19.6979 17.2299 15.5836 13.0853 14.0633 13.6799 12.7115 12.1692 12.003 11.8638 11.6089
threshold=0.064746031227456216 -0.039133574665493241 -0.21476461463116289 1302.5000000000002 0.082329140468648865 0.064820801490739099 0.10646450292629386 -0.057166423992460885 0.21339904811017044 -0.052270983678104711 -0.18231066140212868 -0.039386417749502335 -0.045267944303778909 -0.090350931405265858
decision_type=2 2 2 2 2 2 2 2 2 2 2 2 2 2
left_child=-1 2 -2 4 11 6 8 -8 -4 -7 -11 12 -3 -12
right_child=1 3 5 -5 -6 9 7 -9 -10 10 13 -13 -14 -15
leaf_value=-0.049381800681090035 -0.048106126797307212 -0.066495337527856566 0.023124782575911655 0.037433996029731943 -0.027466193155479053 0.017357507249516204 0.057062372668825537 -0.051140798371174058 -0.078472216646375326 0.062756576776377193 -0.06118184868606294 0.0062642226361574061 0.0085356211588540516 0.050357105055186514
leaf_weight=72.478090152144432 13.548983812332152 12.172876849770548 289.17540484666824 25.031524986028671 83.712986931204796 20.615529030561447 3.9923111200332668 12.117539569735525 3.3516952693462363 2.7932340353727367 19.661022573709495 133.51135157048702 9.2885725796222669 2.6468464881181673
leaf_count=331 56 51 1243 111 343 88 17 51 14 12 82 562 39 11
internal_value=1.24777e-05 0.00568045 0.0131664 -0.0047629 -0.00918818 0.0155092 0.0195447 -0.0243261 0.0219607 -0.0117349 -0.0356286 0.000685211 -0.0340217 -0.0479477
internal_weight=704.098 631.62 367.903 263.717 238.686 354.354 308.637 16.1099 292.527 45.7166 25.1011 154.973 21.4614 22.3079
internal_count=3011 2680 1574 1106 995 1518 1325 68 1257 193 105 652 90 93
is_linear=0
shrinkage=0.05


Tree=15
num_leaves=15
num_cat=0
split_feature=49 49 3 43 38 32 21 19 22 13 18 5 28 26
split_gain=72.2215 18.6305 25.8992 18.4628 15.224 14.0073 17.25 13.5786 13.1148 17.6166 12.8019 12.436 12.8161 11.82
threshold=0.064746031227456216 0.35140663827862378 1433.5000000000002 -0.037879572372854213 -0.24801109530997598 0.1142281794226709 0.034667338582874109 0.16886157541596863 0.086670306658627003 0.20277911732734491 -0.10292999385725694 0.045739010444029206 -0.075185363063357338 0.044022607318638718
decision_type=2 2 2 2 2 2 2 2 2 2 2 2 2 2
left_child=-1 2 3 4 -2 6 7 -5 9 -7 -6 12 -3 -14
right_child=1 11 -4 5 10 8 -8 -9 -10 -11 -12 -13 13 -15
leaf_value=-0.047650771714480906 -0.081233686639118466 -0.03759190257642462 0.041344596672666434 -0.021876191094934681 -0.05090300791025934 -0.038850736607420507 -0.053535882226923584 0.037244982781060941 0.024965063656483856 0.030492109736419949 0.024041275908849361 0.022029512818138797 -0.00018945895734163971 0.037435282215010503
leaf_weight=71.383601978421211 4.111139014363288 17.56789343059063 29.04081392288208 69.178733304142952 6.2291555702686301 29.679608717560768 40.649032592773438 11.298112690448759 31.667204663157463 13.247374370694159 66.848776966333389 188.72451739013195 94.793622329831123 26.76889979839325
leaf_count=331 17 73 131 287 26 125 167 47 135 56 283 818 401 114
internal_value=1.3135e-05 0.00541548 -0.00354544 -0.00832228 0.0123863 -0.0164894 -0.0269864 -0.0135762 0.000555533 -0.0174514 0.017653 0.0136684 0.00232682 0.00809577
internal_weight=701.188 629.805 301.95 272.909 77.1891 195.72 121.126 80.4768 74.5942 42.927 73.0779 327.855 139.13 121.563
internal_count=3011 2680 1274 1143 326 817 501 334 316 181 309 1406 588 515
is_linear=0
shrinkage=0.05


Tree=16
num_leaves=15
num_cat=0
split_feature=49 46 16 2 7 15 29 40 21 4 6 16 47 18
split_gain=66.1783 17.706 17.9664 18.7313 19.7276 17.4309 12.6536 12.4395 11.5794 11.4771 11.0049 10.8842 10.798 11.1787
threshold=0.064746031227456216 0.044721426632230783 -0.15548408104499198 374.50000000000006 -0.055451074941479557 0.23640316329017064 0.13392996915830629 -0.14501077021216421 0.052270983678104725 -0.052704780172147178 -0.11300386514961884 0.16895766189172173 -0.036885658095921869 -0.074516851857162614
decision_type=2 2 2 2 2 2 2 2 2 2 2 2 2 2
left_child=10 2 5 4 7 6 8 -4 -2 12 -1 -3 -6 -14
right_child=1 11 3 -5 9 -7 -8 -9 -10 -11 -12 -13 13 -15
leaf_value=-0.011608687891106032 0.035621196380918728 0.018807589844818388 0.037996110960006983 0.042739112224295599 -0.023845321134152418 -0.081564195682217941 -0.061003791319472811 -0.0025504199283863946 -0.0077466570422162042 -0.03462398292428262 -0.057382424197193138 -0.11851753177225413 -0.058744259102732316 0.033199229908569279
leaf_weight=17.477238059043884 72.393343940377235 191.4437810331583 21.63403357565403 18.618179753422737 35.355758100748062 4.2025376409292212 4.3361201286315909 150.5806732326746 19.547971665859222 83.047413259744644 52.800655484199524 1.4538646340370167 3.9117156565189388 21.346447959542274
leaf_count=73 310 825 94 85 148 17 18 643 83 346 258 6 16 89
internal_value=1.38406e-05 0.00516408 -0.000427399 -0.00599687 -0.00886943 0.0181132 0.0224641 0.00254313 0.0264006 -0.0225503 -0.0459991 0.0177726 -0.0060081 0.01896
internal_weight=698.15 627.872 434.974 334.494 315.876 100.48 96.2774 172.215 91.9413 143.661 70.2779 192.898 60.6139 25.2582
internal_count=3011 2680 1849 1421 1336 428 411 737 393 599 331 831 253 105
is_linear=0
shrinkage=0.05


Tree=17
num_leaves=15
num_cat=0
split_feature=49 42 47 3 34 36 12 50 43 48 21 25 20 0
split_gain=60.8332 17.0203 18.305 15.8675 14.9242 13.7466 11.9163 10.6671 11.252 14.741 12.1076 10.6079 10.6265 12.3016
threshold=0.064746031227456216 -0.039133574665493241 -0.16770571247127028 1302.5000000000002 -0.11413570382167496 -0.23916498231655484 -0.19795207798494532 0.21339904811017044 0.10646450292629386 -0.057166423992460885 0.06099629158807466 -0.072399626895843214 0.34756506494189615 0.72760748184273594
decision_type=2 2 2 2 2 2 2 2 2 2 2 2 2 2
left_child=11 2 6 4 5 -3 -2 8 10 -10 -4 -1 13 -13
right_child=1 3 7 -5 -6 -7 -8 -9 9 -11 -12 12 -14 -15
leaf_value=0.10294766685050478 -0.038881844525903056 0.050899668289054872 0.022254372628582368 0.033752056032929967 -0.018042215391887589 -0.0013656412459524512 0.06563218315960305 -0.062823444258692698 0.057004386330617191 -0.048789458395337965 -0.0061367707621284963 -0.059116957785412608 0.022232319499375913 0.025004514271492053
leaf_weight=1.1977358162403096 24.507287770509723 15.366453573107718 271.00923320651054 24.228394523262978 153.08135259151459 69.399872273206711 3.0688166767358771 4.3329413831233969 4.3730898201465633 13.326932489871977 43.592396527528763 57.97196364402771 5.1014739423990241 4.6981717348098746
leaf_count=5 102 66 1181 111 638 291 13 18 19 56 185 285 21 20
internal_value=1.33537e-05 0.00492141 0.0119135 -0.00479554 -0.0087222 0.00810902 -0.027251 0.0151217 0.016138 -0.0226513 0.0183204 -0.044555 -0.0471618 -0.0528107
internal_weight=695.256 626.287 364.211 262.076 237.848 84.7663 27.5761 336.635 332.302 17.7 314.602 68.9693 67.7716 62.6701
internal_count=3011 2680 1574 1106 995 357 115 1459 1441 75 1366 331 326 305
is_linear=0
shrinkage=0.05


Tree=18
num_leaves=15
num_cat=0
split_feature=49 49 3 43 38 32 21 19 22 13 18 18 24 27
split_gain=56.0495 16.0193 21.1447 15.971 13.2492 11.8357 15.1135 11.936 11.5742 15.6147 11.2666 11.2379 13.7428 14.048
threshold=0.064746031227456216 0.35140663827862378 1433.5000000000002 -0.037879572372854213 -0.24801109530997598 0.1142281794226709 0.034667338582874109 0.16886157541596863 0.086670306658627003 0.20277911732734491 -0.10292999385725694 0.04602880837278972 -0.049876508466085601 0.061085041110589856
decision_type=2 2 2 2 2 2 2 2 2 2 2 2 2 2
left_child=-1 2 3 4 -2 6 7 -5 9 -7 -6 12 -3 -14
right_child=1 11 -4 5 10 8 -8 -9 -10 -11 -12 -13 13 -15
leaf_value=-0.043259656302990258 -0.075479546908997372 -0.04026999455379518 0.037697817133215551 -0.02036943709316559 -0.047657142807993096 -0.036659428767738977 -0.050055075056253673 0.035300823596320641 0.023293923347511219 0.028795307205464905 0.022460770282302825 0.027562408418178926 -0.011532905837479485 0.017214685316313049
leaf_weight=67.531674578785896 4.1486103832721701 14.618622094392775 28.030886232852936 68.942091718316078 6.2714672535657874 29.836049437522888 40.550110429525375 11.19137930870056 31.332418113946915 13.117383509874342 66.228730246424675 88.641698986291885 57.315201818943024 164.36548121273518
leaf_count=331 17 62 131 287 26 125 167 47 135 56 283 386 242 716
internal_value=1.24705e-05 0.00469112 -0.00364743 -0.00791424 0.0114227 -0.0155162 -0.0251814 -0.0125946 0.000185789 -0.0166705 0.0163954 0.0123806 0.00668558 0.00978204
internal_weight=692.122 624.59 299.649 271.618 76.6488 194.969 120.684 80.1335 74.2859 42.9534 72.5002 324.941 236.299 221.681
internal_count=3011 2680 1274 1143 326 817 501 334 316 181 309 1406 1020 958
is_linear=0
shrinkage=0.05


Tree=19
num_leaves=15
num_cat=0
split_feature=49 40 2 47 37 5 27 8 46 3 25 0 20 25
split_gain=51.5215 17.9298 26.2481 12.2821 12.8515 11.9122 12.416 11.2573 10.642 10.4731 11.9293 12.3231 10.3973 11.2409
threshold=1.0000000180025095e-35 0.073081120047150686 356.50000000000006 -0.16467757132200561 0.047457990064277859 0.050379393886597297 -0.039103128633984886 -0.17636582396549338 -0.11830720420478018 556.50000000000011 0.14709265148715175 0.75388595053189256 0.34756506494189615 -0.072399626895843214
decision_type=2 2 2 2 2 2 2 2 2 2 2 2 2 2
left_child=12 3 -3 4 -2 6 -5 -6 -7 10 11 -8 13 -1
right_child=1 2 -4 5 7 8 9 -9 -10 -11 -12 -13 -14 -15
leaf_value=0.10019286283082236 -0.053096864329707366 -0.016053359587727831 0.03592008724615102 -0.04410749322897653 -0.13382565229323062 -0.047948930290704204 -0.003669866511640005 0.028895382337702724 0.023561670990320634 0.027521227079244572 -0.055131218377435669 0.029286794564000726 0.02327299042108177 -0.054903863561243708
leaf_weight=1.1950268447399128 15.30574890971184 166.04453335702419 28.455795422196388 12.511688783764837 1.1669291704893101 5.3592151850461951 116.80003945529461 11.920701652765272 178.03349912166595 48.616095915436745 8.9218120872974378 37.461761057376862 5.1038771718740454 52.131571233272552
leaf_count=5 63 692 134 52 5 23 499 51 788 209 37 163 21 269
internal_value=1.30494e-05 0.00417493 -0.00844954 0.00980546 -0.021991 0.0120198 0.00429198 0.0143867 0.0214719 0.00715109 0.00108236 0.00433351 -0.0449031 -0.0514282
internal_weight=689.028 630.598 194.5 436.097 28.3934 407.704 224.311 13.0876 183.393 211.8 163.184 154.262 58.4305 53.3266
internal_count=3011 2716 826 1890 119 1771 960 56 811 908 699 662 295 274
is_linear=0
shrinkage=0.05


Tree=20
num_leaves=15
num_cat=0
split_feature=49 46 16 15 2 30 49 2 24 15 38 36 11 37
split_gain=47.593 14.8126 16.0459 14.871 14.7683 16.2051 16.0307 15.7716 15.7331 15.3292 13.4204 13.0301 12.755 11.9244
threshold=0.064746031227456216 0.044721426632230783 -0.15548408104499198 0.23640316329017064 396.50000000000006 -0.21060740597783034 0.30214745886348304 159.50000000000003 0.04789140873601621 -0.05051577647350837 -0.045343459006118803 -0.025125979179166542 -0.10362562204437102 -0.023838091450999879
decision_type=2 2 2 2 2 2 2 2 2 2 2 2 2 2
left_child=-1 2 3 -2 5 7 -7 8 10 -9 -4 12 -11 -14
right_child=1 -3 4 -5 -6 6 -8 9 -10 11 -12 -13 13 -15
leaf_value=-0.040663139333326853 0.020857875378304136 0.01590227987895259 -0.027886218345731597 -0.075267778352255066 0.043356663368751165 -0.028560677690573084 0.013788932688535822 0.041634552562815549 -0.0086792805996435303 -0.10838408115925113 -0.074229640879869371 -0.098497604465842742 -0.055060004403755962 0.038784679039689171
leaf_weight=65.088671892881393 95.007704243063927 190.11497674882412 50.430559754371643 4.2013973444700232 14.418304637074469 28.341211080551147 105.63048073649406 19.215467169880867 66.880761235952377 2.4394123554229799 22.632456049323082 4.182855859398841 4.617044210433968 12.684985131025307
leaf_count=331 411 831 213 17 70 118 459 82 285 10 95 17 19 53
internal_value=1.28381e-05 0.00427759 -0.000853869 0.0167871 -0.00613375 -0.00838436 0.00483003 -0.018054 -0.0262019 0.00837745 -0.0422418 -0.0183339 -0.00134868 0.0137422
internal_weight=685.886 620.798 430.683 99.2091 331.474 317.055 133.972 183.084 139.944 43.1398 73.063 23.9243 19.7414 17.302
internal_count=3011 2680 1849 428 1421 1351 577 774 593 181 308 99 82 72
is_linear=0
shrinkage=0.05


Tree=21
num_leaves=15
num_cat=0
split_feature=49 42 47 17 0 46 11 50 21 43 48 50 51 20
split_gain=43.9821 16.0503 14.9702 13.4641 14.4035 13.027 12.4037 12.1063 11.228 10.456 11.0884 10.9266 10.0237 9.9425
threshold=1.0000000180025095e-35 -0.039133574665493241 -0.21476461463116289 0.34799405420568158 0.62218147065392471 -0.035623546507710581 -0.11849577287050519 -0.11537406868938606 0.064820801490739099 0.10751241022815505 -0.057166423992460885 0.21339904811017044 0.048450258428424667 0.34756506494189615
decision_type=2 2 2 2 2 2 2 2 2 2 2 2 2 2
left_child=13 2 12 6 -5 -6 -3 -8 9 11 -11 -4 -2 -1
right_child=1 3 8 4 5 -7 7 -9 -10 10 -12 -13 -14 -15
leaf_value=-0.049048578635880885 -0.067885206716588459 -0.053373815206725767 0.019449852167627579 -0.078796653416728063 -0.023795050051069945 0.031619897177525995 -0.10620606288376432 -0.0065774778754402524 -0.010457041661258236 0.051752438491079591 -0.04554455878651207 -0.070597412017354547 0.029085090637876704 0.024136921129139576
leaf_weight=51.01910288631916 9.6994493007659894 16.639063641428947 282.54661110043526 3.9435777813196173 13.508338809013365 49.35170766711235 3.1020270437002173 178.9895092099905 45.620485469698906 3.8236055076122311 12.505131676793097 3.4095306098461142 3.6745481938123694 5.1050800532102576
leaf_count=274 41 69 1249 16 58 220 13 757 194 17 53 14 15 21
internal_value=1.28595e-05 0.00380971 0.010669 -0.00552291 0.0138963 0.0197115 -0.0120507 -0.0082747 0.0126646 0.0161541 -0.0227611 0.0183762 -0.0412423 -0.0423916
internal_weight=682.938 626.814 361.279 265.534 66.8036 62.86 198.731 182.092 347.905 302.285 16.3287 285.956 13.374 56.1242
internal_count=3011 2716 1583 1133 294 278 839 770 1527 1333 70 1263 56 295
is_linear=0
shrinkage=0.05


Tree=22
num_leaves=15
num_cat=0
split_feature=49 40 2 16 30 2 27 42 48 19 21 49 5 31
split_gain=40.5524 14.9069 21.7925 11.567 16.3361 24.2854 14.3036 13.0219 12.825 11.4515 11.339 10.9137 10.9266 10.227
threshold=1.0000000180025095e-35 0.073081120047150686 356.50000000000006 -0.12014125816643138 -0.26153028472451362 170.50000000000003 0.065653673852009389 -0.045548825389042154 -0.11286695887632324 -0.1777625504400959 0.12127764872103723 0.37518047070750682 0.049875582541282014 -0.24795513386336085
decision_type=2 2 2 2 2 2 2 2 2 2 2 2 2 2
left_child=-1 3 -3 8 5 6 -5 -8 -2 -6 -7 13 -13 -10
right_child=1 2 -4 4 9 10 7 -9 11 -11 -12 12 -14 -15
leaf_value=-0.041180778224636616 0.062147204956986238 -0.014789976869044527 0.033212402293209022 -0.056325245014929019 -0.11862242345166019 0.05755650879996782 0.014076693514829592 -0.03879812406935694 -0.11038816596659445 0.011980997316976249 -0.072966589214858185 0.01126884587507692 0.058265111181021269 0.005424013328342964
leaf_weight=54.921323105692863 16.599972113966942 165.33493441343307 27.589509710669518 26.238842710852623 1.6920431107282627 13.789007574319838 25.338878259062767 21.545480012893677 1.9636285305023182 208.1067196726799 1.8922910541295994 26.834877401590347 22.941563695669174 65.239558294415474
leaf_count=295 74 692 134 109 7 60 112 90 8 916 8 117 104 285
internal_value=1.20317e-05 0.00363119 -0.00792531 0.00878996 0.00331892 -0.0146566 -0.026765 -0.0102217 0.0210199 0.0109277 0.041806 0.0151838 0.032929 0.00204007
internal_weight=680.029 625.107 192.924 432.183 298.603 88.8045 73.1232 46.8844 133.58 209.799 15.6813 116.98 49.7764 67.2032
internal_count=3011 2716 826 1890 1302 379 311 202 588 923 68 514 221 293
is_linear=0
shrinkage=0.05


Tree=23
num_leaves=15
num_cat=0
split_feature=49 42 47 25 17 0 12 5 40 44 10 34 21 51
split_gain=37.2814 13.8021 13.07 12.665 15.7413 11.5984 11.1259 10.5289 13.0429 11.8206 10.3261 10.1158 9.97606 9.8696
threshold=1.0000000180025095e-35 -0.039133574665493241 -0.21476461463116289 0.11077014598345603 0.30903663577830326 0.55032984833354048 -0.33397035118856883 0.055728022813030249 -0.055385072991727999 0.15998596921960589 0.047673221804691197 -0.16578172619765782 0.064820801490739099 0.2205993961130456
decision_type=2 2 2 2 2 2 2 2 2 2 2 2 2 2
left_child=-1 2 -2 4 6 -6 7 8 10 -9 -3 -5 13 -4
right_child=1 3 12 11 5 -7 -8 9 -10 -11 -12 -13 -14 -15
leaf_value=-0.039878205957930256 -0.038787933197993264 -0.069067757969326557 0.016553906111809149 0.036452744522340326 -0.10686052464543404 0.024155881313058559 -0.017946673266653567 0.056059040703935963 0.027200972365390763 -0.12545044164541228 0.041112993935838976 -0.032818743503938361 -0.010056086860465697 -0.039638250060849312
leaf_weight=53.905666694045067 13.295519471168516 9.4528960287570936 291.5722024589777 5.8620370626449576 1.7347261160612095 64.394443869590759 99.187202498316765 14.810764938592907 13.383778661489488 0.95480270683765489 2.7437238544225684 52.207418024539948 45.597119390964508 8.0294546782970411
leaf_count=295 56 40 1299 25 7 286 414 65 57 4 12 223 194 34
internal_value=1.37443e-05 0.00346418 0.00985832 -0.00519463 0.000602488 0.020719 -0.00886353 0.0129266 -0.00688167 0.0450664 -0.0442817 -0.0258259 0.011732 0.0150479
internal_weight=677.132 623.226 358.494 264.732 206.662 66.1292 140.533 41.346 25.5804 15.7656 12.1966 58.0695 345.199 299.602
internal_count=3011 2716 1583 1133 885 293 592 178 109 69 52 248 1527 1333
is_linear=0
shrinkage=0.05


Tree=24
num_leaves=15
num_cat=0
split_feature=49 40 2 16 30 2 46 47 28 48 5 19 40 8
split_gain=34.2699 12.8433 19.2164 10.6453 18.0395 24.405 13.6318 13.5893 11.6673 10.7899 10.4027 11.1748 18.0796 10.1264
threshold=1.0000000180025095e-35 0.073081120047150686 356.50000000000006 -0.1370556203404962 -0.39818164876211298 159.50000000000003 0.044721426632230783 -0.16770571247127028 -0.10109591442624501 -0.11286695887632324 0.057928689257594985 -0.0299213901884537 -0.062745945227354036 -0.12282042486364945
decision_type=2 2 2 2 2 2 2 2 2 2 2 2 2 2
left_child=-1 3 -3 9 5 -5 7 -6 -9 -2 11 12 -10 -13
right_child=1 2 -4 4 6 -7 -8 8 10 -11 -12 13 -14 -15
leaf_value=-0.038614545102942557 0.063799930825311643 -0.013845289300326828 0.031594852587431638 -0.067599515445688763 -0.045865999420021696 0.043174626402589983 0.021676684049876997 -0.04456556805813288 0.004816985474478239 0.015623641927688404 0.024114642775236231 -0.022629953389879581 -0.092181440023360109 0.015750311793058022
leaf_weight=52.911862209439278 13.11260701715946 165.08630314469337 27.083588987588882 18.214577004313472 15.547476693987845 6.8389844000339499 101.05244393646717 12.022231101989744 11.211202234029772 102.25319091975689 55.06122213602066 23.796044334769249 8.4058487415313703 61.870695307850838
leaf_count=295 60 692 134 75 65 30 453 51 48 453 247 103 36 269
internal_value=1.40813e-05 0.00330246 -0.00744115 0.00811071 0.00333889 -0.037361 0.00686758 -0.00109611 0.00294212 0.0210994 0.00650411 -0.00270583 -0.0367466 0.00508925
internal_weight=674.468 621.556 192.17 429.387 314.021 25.0536 288.967 187.915 172.367 115.366 160.345 105.284 19.6171 85.6667
internal_count=3011 2716 826 1890 1377 105 1272 819 754 513 703 456 84 372
is_linear=0
shrinkage=0.05


Tree=25
num_leaves=15
num_cat=0
split_feature=49 46 16 15 2 7 6 11 40 29 16 4 49 4
split_gain=31.5654 11.3501 12.4776 12.6087 11.5472 12.6106 10.6107 11.2864 10.4574 10.32 10.7671 10.1772 9.86774 12.5385
threshold=0.064746031227456216 0.044721426632230783 -0.15548408104499198 0.23640316329017064 396.50000000000006 -0.0583833101914282 -0.11300386514961884 0.08488579241812054 -0.14501077021216421 0.13392996915830629 -0.31223104861230444 -0.052704780172147178 0.24595018882948566 -0.17010584768107384
decision_type=2 2 2 2 2 2 2 2 2 2 2 2 2 2
left_child=6 2 3 9 5 8 -1 -8 -4 10 -2 12 13 -7
right_child=1 -3 4 -5 -6 11 7 -9 -10 -11 -12 -13 -14 -15
leaf_value=-0.00078906589834374426 -0.045739869621970915 0.013687656451692648 0.036216140752722781 -0.070409722576040709 0.039299014546650975 -0.097695509069526135 -0.051655873372525078 0.12181687102895411 -0.0027802898265910717 -0.057053053431464266 0.026558573081413947 -0.029426079640007166 -0.01205686661825444 0.060547821862932387
leaf_weight=16.649646624922752 5.4888122081756583 186.46988269686699 19.509871423244476 4.1735063493251792 13.620806589722632 1.4395955651998509 42.098837077617645 0.95899084210395713 144.67080163955688 4.319069802761077 83.354149878025055 86.088204756379128 53.087121561169624 9.5962488055229169
leaf_count=73 24 831 88 17 70 6 254 4 628 18 369 364 224 41
internal_value=1.56692e-05 0.00340214 -0.00110696 0.0146138 -0.00577198 -0.00772465 -0.0346852 -0.0477923 0.00185372 0.0184227 0.0220919 -0.0181938 -0.00311393 0.0399054
internal_weight=671.526 611.818 425.348 97.3355 328.013 314.392 59.7075 43.0578 164.181 93.162 88.843 150.211 64.123 11.0358
internal_count=3011 2680 1849 428 1421 1351 331 258 716 411 393 635 271 47
is_linear=0
shrinkage=0.05


Tree=26
num_leaves=15
num_cat=0
split_feature=49 49 2 0 19 37 36 47 6 11 18 24 27 3
split_gain=29.0914 11.0228 13.7073 15.7862 13.0216 12.2221 11.5661 15.3108 10.0936 10.293 10.0596 11.9892 11.1648 10.8943
threshold=0.064746031227456216 0.35140663827862378 154.50000000000003 0.72097242768435843 0.22835329413251851 0.064735488787244402 -0.23916498231655484 0.068239258113807613 -0.11300386514961884 0.08488579241812054 0.04602880837278972 -0.049876508466085601 0.061085041110589856 304.50000000000006
decision_type=2 2 2 2 2 2 2 2 2 2 2 2 2 2
left_child=8 2 4 5 6 -4 7 -2 -1 -10 11 -3 13 -13
right_child=1 10 3 -5 -6 -7 -8 -9 9 -11 -12 12 -14 -15
leaf_value=-0.0007497218441212955 0.025311003569880926 -0.039679460891086878 -0.030055492784128692 0.024395566692624292 0.070214935491457214 0.023253239325248656 -0.020789761848176311 -0.11183451919988403 -0.050616643864333483 0.11375865234857321 0.024305350220336999 -0.044928510000265681 0.013979907799439204 0.0026715213822378144
leaf_weight=16.647296160459518 25.684038966894153 14.540166199207304 32.802936941385269 70.650902926921844 4.6078429520130149 15.994596049189566 141.1591688990593 2.2101729810237876 40.846972182393074 0.97511529922485252 85.962098658084869 17.290775790810585 159.97360745072365 39.437447294592857
leaf_count=73 114 62 138 319 20 72 602 9 254 4 386 73 716 169
internal_value=1.43609e-05 0.00324209 -0.00374817 0.00928925 -0.0127156 -0.0125822 -0.014976 0.0144444 -0.0336773 -0.0467841 0.00970138 0.00427249 0.00722156 -0.011837
internal_weight=668.783 610.314 293.11 119.448 173.661 48.7975 169.053 27.8942 58.4694 41.8221 317.204 231.242 216.702 56.7282
internal_count=3011 2680 1274 529 745 210 725 123 331 258 1406 1020 958 242
is_linear=0
shrinkage=0.05


Tree=27
num_leaves=15
num_cat=0
split_feature=49 15 29 8 19 49 3 12 44 34 46 27 16 22
split_gain=26.8153 10.5409 11.9708 12.3072 10.6993 13.1093 16.3332 12.0544 11.5313 11.3621 10.3663 11.0778 10.4074 10.13
threshold=0.064746031227456216 0.083334840427224541 0.056403429806115769 -0.22645627921359282 0.1169411973817639 0.36942577350508499 440.50000000000006 -0.33904556330389618 0.11744456758781964 -0.17168952802890272 0.048679340857744731 0.060193222864081845 -0.11585737851518994 0.04811261910956504
decision_type=2 2 2 2 2 2 2 2 2 2 2 2 2 2
left_child=-1 2 4 -4 5 6 7 13 -6 -8 11 -7 -13 -2
right_child=1 -3 3 -5 8 10 9 -9 -10 -11 -12 12 -14 -15
leaf_value=-0.032700852592517211 -0.076865901023660713 -0.012453435697545832 -0.10811804051652883 -0.0076460478998350446 0.033850042407803607 -0.018786816110552693 0.049446139753364905 -0.038602249604792915 -0.020209405210699131 0.0010986443764778827 0.0320138508744756 0.040452265122890733 0.0047588147523844274 0.021139354445312217
leaf_weight=57.25272473692894 3.0813919752836254 92.489015325903893 3.1681810468435279 80.314156368374825 67.090357452630997 32.276038408279419 14.255336970090864 45.153535455465317 11.564909040927885 82.363412573933601 58.14445985853672 28.507139772176743 72.009358301758766 18.26762130856514
leaf_count=331 13 395 14 351 304 137 63 194 51 357 267 131 321 82
internal_value=1.38361e-05 0.00309097 0.00587613 -0.011459 0.00922055 0.00551481 -0.00489425 -0.0239647 0.0259015 0.00823194 0.0144075 0.00669837 0.0148817 0.00699385
internal_weight=665.938 608.685 516.196 83.4823 432.714 354.058 163.121 66.5025 78.6553 96.6187 190.937 132.793 100.516 21.349
internal_count=3011 2680 2285 365 1920 1565 709 289 355 420 856 589 452 95
is_linear=0
shrinkage=0.05


Tree=28
num_leaves=15
num_cat=0
split_feature=49 42 35 47 21 21 12 50 25 17 50 12 18 25
split_gain=24.7048 11.4396 12.025 13.379 10.8939 11.8379 12.2289 10.5293 10.5001 13.272 10.5982 10.1998 10.0709 9.96871
threshold=1.0000000180025095e-35 -0.039133574665493241 -0.053300340404798661 -0.15990102121439598 0.064018843204976209 -0.041558767697216219 -0.074532365219454957 0.05407398041149606 0.11077014598345603 0.30903663577830326 -0.10811311094547939 -0.19795207798494532 -0.14698634802222862 -0.072399626895843214
decision_type=2 2 2 2 2 2 2 2 2 2 2 2 2 2
left_child=13 2 3 11 5 -5 -7 12 9 10 -3 -2 -4 -1
right_child=1 8 7 4 -6 6 -8 -9 -10 -11 -12 -13 -14 -15
leaf_value=0.10873933742771801 -0.039664831059686059 -0.10746721228691583 -0.049867774864134934 -0.0061829333723389763 -0.020210737729078623 0.02131097372057237 -0.069285317966229179 -0.0022403582322611973 -0.024098978827368885 0.018831996453898041 -0.0066445106579968872 0.06162732855536579 0.044002404244393938 -0.03781211914049367
leaf_weight=1.1893823593854893 24.562877550721172 2.6570784896612158 3.0319732576608649 66.888945430517197 31.217806667089462 148.80233433842659 3.8204739689826956 22.551967084407806 57.340367466211319 64.706461369991302 136.88052053749561 2.7650771737098685 49.592171743512154 47.580775946378708
leaf_count=5 105 11 13 300 134 679 16 100 248 293 581 12 224 290
internal_value=1.55923e-05 0.00273275 0.00860193 0.0038051 0.00742599 0.0113563 0.0190432 0.0263442 -0.00519276 0.000115053 -0.00856438 -0.029416 0.038594 -0.0342381
internal_weight=663.588 614.818 353.234 278.058 250.73 219.512 152.623 75.1761 261.584 204.244 139.538 27.328 52.6241 48.7702
internal_count=3011 2716 1583 1246 1129 995 695 337 1133 885 592 117 237 295
is_linear=0
shrinkage=0.05


Tree=29
num_leaves=15
num_cat=0
split_feature=49 28 32 17 20 25 24 18 10 32 8 34 26 38
split_gain=22.7368 11.1117 11.3694 10.9657 10.1689 10.208 9.89227 10.4209 9.41877 10.3415 16.0457 9.93291 9.77992 10.8659
threshold=1.0000000180025095e-35 -0.10641611890293706 0.035579450921691951 0.41600994453657514 0.34756506494189615 -0.072399626895843214 0.061987658539016513 0.02161802894780767 0.045739010444029206 0.18403348528315547 0.042070513876344882 -0.11978780913441699 0.051987666897325931 -0.1789252170407756
decision_type=2 2 2 2 2 2 2 2 2 2 2 2 2 2
left_child=4 6 3 -3 5 -1 7 -2 11 -10 -11 -4 13 -13
right_child=1 2 8 -5 -6 -7 -8 -9 9 10 -12 12 -14 -15
leaf_value=0.10338931825689568 -0.055888449309990144 -0.017218231161121009 0.014760820045071902 0.039890185385548983 0.03398799943312604 -0.045231502789233727 0.015676890828963692 0.0016039752907932988 0.011411832787220064 0.053330140876645671 -0.095536059208398028 -0.038899687157180812 0.022756266786149407 -0.0032367717209323653
leaf_weight=1.1883815377950657 21.656425848603249 83.329619407653809 111.00709718465805 9.3487471193075162 5.0396575033664694 41.593944624066353 13.453850641846655 12.391684859991072 126.75111055374146 28.492589205503467 1.9329178780317295 24.897194385528564 29.62684066593647 150.27591474354267
leaf_count=5 91 358 497 43 21 269 59 54 570 131 8 106 132 667
internal_value=1.59479e-05 0.00260574 0.00455625 -0.0114575 -0.0331898 -0.0411032 -0.0206213 -0.0349643 0.00769406 0.0176955 0.0438727 0.00271637 -0.00381204 -0.00830551
internal_weight=660.986 613.164 565.662 92.6784 47.822 42.7823 47.502 34.0481 472.984 157.177 30.4255 315.807 204.8 175.173
internal_count=3011 2716 2512 401 295 274 204 145 2111 709 139 1402 905 773
is_linear=0
shrinkage=0.05


end of trees

feature_importances:
embedding_45=41
prompt_approx_tokens=30
embedding_28=16
embedding_02=15
embedding_39=15
embedding_23=14
embedding_38=14
embedding_21=13
embedding_36=13
prompt_chars=12
embedding_17=12
embedding_43=12
embedding_12=11
embedding_15=11
a2_score=10
embedding_07=10
embedding_32=10
embedding_33=10
embedding_42=10
embedding_14=9
embedding_01=8
embedding_16=8
embedding_22=8
embedding_35=8
embedding_00=7
embedding_11=7
embedding_20=7
embedding_08=6
embedding_46=6
embedding_13=5
embedding_18=5
embedding_26=5
embedding_44=5
embedding_04=4
embedding_09=4
embedding_24=4
embedding_29=4
embedding_30=4
embedding_31=4
embedding_34=4
embedding_03=3
embedding_19=3
embedding_25=3
embedding_47=3
embedding_06=2
embedding_40=2
embedding_41=2
embedding_27=1

parameters:
[boosting: gbdt]
[objective: binary]
[metric: binary_logloss]
[tree_learner: serial]
[device_type: cpu]
[data_sample_strategy: bagging]
[data: ]
[valid: ]
[num_iterations: 30]
[learning_rate: 0.05]
[num_leaves: 15]
[num_threads: 1]
[seed: 23]
[deterministic: 0]
[force_col_wise: 1]
[force_row_wise: 0]
[histogram_pool_size: -1]
[max_depth: -1]
[min_data_in_leaf: 3]
[min_sum_hessian_in_leaf: 0.001]
[bagging_fraction: 1]
[pos_bagging_fraction: 1]
[neg_bagging_fraction: 1]
[bagging_freq: 0]
[bagging_seed: 25556]
[bagging_by_query: 0]
[feature_fraction: 1]
[feature_fraction_bynode: 1]
[feature_fraction_seed: 31605]
[extra_trees: 0]
[extra_seed: 3808]
[early_stopping_round: 0]
[early_stopping_min_delta: 0]
[first_metric_only: 0]
[max_delta_step: 0]
[lambda_l1: 0]
[lambda_l2: 0]
[linear_lambda: 0]
[min_gain_to_split: 0]
[drop_rate: 0.1]
[max_drop: 50]
[skip_drop: 0.5]
[xgboost_dart_mode: 0]
[uniform_drop: 0]
[drop_seed: 6130]
[top_rate: 0.2]
[other_rate: 0.1]
[min_data_per_group: 100]
[max_cat_threshold: 32]
[cat_l2: 10]
[cat_smooth: 10]
[max_cat_to_onehot: 4]
[top_k: 20]
[monotone_constraints: ]
[monotone_constraints_method: basic]
[monotone_penalty: 0]
[feature_contri: ]
[forcedsplits_filename: ]
[refit_decay_rate: 0.9]
[cegb_tradeoff: 1]
[cegb_penalty_split: 0]
[cegb_penalty_feature_lazy: ]
[cegb_penalty_feature_coupled: ]
[path_smooth: 0]
[interaction_constraints: ]
[verbosity: -1]
[saved_feature_importance_type: 0]
[use_quantized_grad: 0]
[num_grad_quant_bins: 4]
[quant_train_renew_leaf: 0]
[stochastic_rounding: 1]
[linear_tree: 0]
[max_bin: 255]
[max_bin_by_feature: ]
[min_data_in_bin: 3]
[bin_construct_sample_cnt: 200000]
[data_random_seed: 113]
[is_enable_sparse: 1]
[enable_bundle: 1]
[use_missing: 1]
[zero_as_missing: 0]
[feature_pre_filter: 1]
[pre_partition: 0]
[two_round: 0]
[header: 0]
[label_column: ]
[weight_column: ]
[group_column: ]
[ignore_column: ]
[categorical_feature: ]
[forcedbins_filename: ]
[precise_float_parser: 0]
[parser_config_file: ]
[objective_seed: 16714]
[num_class: 1]
[is_unbalance: 0]
[scale_pos_weight: 1]
[sigmoid: 1]
[boost_from_average: 1]
[reg_sqrt: 0]
[alpha: 0.9]
[fair_c: 1]
[poisson_max_delta_step: 0.7]
[tweedie_variance_power: 1.5]
[lambdarank_truncation_level: 30]
[lambdarank_norm: 1]
[label_gain: ]
[lambdarank_position_bias_regularization: 0]
[eval_at: ]
[multi_error_top_k: 1]
[auc_mu_weights: ]
[num_machines: 1]
[local_listen_port: 12400]
[time_out: 120]
[machine_list_filename: ]
[machines: ]
[gpu_platform_id: -1]
[gpu_device_id: -1]
[gpu_device_id_list: ]
[gpu_use_dp: 0]
[num_gpu: 1]

end of parameters

pandas_categorical:null
