tree
version=v4
num_class=1
num_tree_per_iteration=1
label_index=0
max_feature_idx=51
objective=regression
feature_names=a2_score has_code_fence prompt_approx_tokens prompt_chars embedding_00 embedding_01 embedding_02 embedding_03 embedding_04 embedding_05 embedding_06 embedding_07 embedding_08 embedding_09 embedding_10 embedding_11 embedding_12 embedding_13 embedding_14 embedding_15 embedding_16 embedding_17 embedding_18 embedding_19 embedding_20 embedding_21 embedding_22 embedding_23 embedding_24 embedding_25 embedding_26 embedding_27 embedding_28 embedding_29 embedding_30 embedding_31 embedding_32 embedding_33 embedding_34 embedding_35 embedding_36 embedding_37 embedding_38 embedding_39 embedding_40 embedding_41 embedding_42 embedding_43 embedding_44 embedding_45 embedding_46 embedding_47
feature_infos=[0.39013352386219602:0.87149146772575881] none [8:965] [34:3860] [-0.41087217443874041:0.61782155193190347] [-0.48471791416315496:0.50738849249045237] [-0.58520573598065284:0.1637091018140116] [-0.457495710997814:0.48970210687439175] [-0.41646336503628284:0.36980013081681939] [-0.46164353574848277:0.27910827799011501] [-0.49030428616306426:0.35382651028683815] [-0.41130179815941625:0.42628184178677897] [-0.7761441759351253:0.25514595333753737] [-0.25087260300212721:0.56200266417119338] [-0.38669459561826541:0.57796492950336786] [-0.48622141449773226:0.48730810225589299] [-0.55001909821692674:0.39036002917941331] [-0.23408229439226114:0.70149986857704305] [-0.3596943895981084:0.42459591394742019] [-0.3481553119113957:0.47546492756792713] [-0.3245134270208202:0.52075564392329554] [-0.39082557499682519:0.32882426898275152] [-0.41281254969226883:0.45401858887714786] [-0.49763795114508702:0.41301708893558936] [-0.53839652650374503:0.42173074971558477] [-0.30845685446746224:0.51089105201080265] [-0.40388187304691769:0.36099410255771208] [-0.2290393337255473:0.6393508022779113] [-0.40927275453502904:0.33633639699815621] [-0.42444648726183282:0.25630729731502827] [-0.73874861306336814:0.21031022607861385] [-0.4681734716045628:0.40689422938557973] [-0.30599503068105227:0.41130179815941625] [-0.2520988421229669:0.59213690821293896] [-0.43249857361756672:0.4493247650413843] [-0.64379044019311227:0.34731435582359393] [-0.48314531438551706:0.27044936151312532] [-0.3576777653141881:0.55381861969499646] [-0.5121475197315839:0.33776026473659926] [-0.53951250094920478:0.43748483228844198] [-0.63167616570923679:0.68475227121768012] [-0.48949020986880254:0.48218561322280346] [-0.46114398896535042:0.38087317795088099] [-0.44766148103584524:0.36014120303280989] [-0.39773369280899523:0.42008402520840299] [-0.48434471241406046:0.48800932206302489] [-0.75925660236529657:0.33806170189140661] [-0.51314236049113426:0.3563249516154553] [-0.43560684186903209:0.43070552164653242] [-0.42111744380615784:0.62985816774525505] [-0.35666297896665838:0.37577968896651326] [-0.51047656089015592:0.41650600860529929]
tree_sizes=1499 1532 1524 1524 1516 1494 1514 1525 1492 1503 1497 1476 1424 1425 1494 1474 1462 1474 1419 1482

Tree=0
num_leaves=15
num_cat=0
split_feature=0 4 15 16 14 45 36 49 14 2 17 33 26 34
split_gain=3.14012e+06 1.12864e+07 2.93123e+06 2.57788e+06 1.97314e+06 1.69033e+06 763150 700121 960978 1.42812e+06 556869 368146 297605 565987
threshold=0.59657095977676022 0.060412511091216488 0.3615133633692687 0.12927639189802589 -1.0000000180025095e-35 -0.082478699342166242 0.053161023919667837 0.1908250475016465 -0.059742494441327093 105.50000000000001 -1.0000000180025095e-35 -0.09214577447129943 -0.15230230415081139 -0.13998514705553242
decision_type=2 2 2 2 2 2 2 2 2 2 2 2 2 2
left_child=1 2 3 4 5 -1 -6 8 9 -2 -3 -10 13 -13
right_child=7 10 -4 -5 6 -7 -8 -9 11 -11 -12 12 -14 -15
leaf_value=19.797233451683631 57.189733756859383 93.710565182844107 64.202233017761813 56.707233089287392 19.405675499872199 59.160567471662482 44.760566740512168 17.816080272545435 34.589733756859417 24.462233403999917 67.96294744312128 40.852234186012858 18.601524965475082 21.260212153579488
leaf_weight=5 4.0000000000000027 3 3.9999999999999991 4.9999999999999991 276 5.9999999999999982 2.9999999999999991 2376 3.9999999999999991 20 6.9999999999999982 3.9999999999999991 247 47
leaf_count=5 4 3 4 5 276 6 3 2376 4 20 7 4 247 47
internal_value=18.6602 23.435 21.6874 21.111 20.4972 41.2681 19.6783 18.1142 20.287 29.9168 75.6872 19.5218 19.3195 22.7968
internal_weight=3011 309 299 295 290 11 279 2702 326 24 10 302 298 51
internal_count=3011 309 299 295 290 11 279 2702 326 24 10 302 298 51
is_linear=0
shrinkage=1


Tree=1
num_leaves=15
num_cat=0
split_feature=0 4 15 16 14 45 36 49 50 26 17 33 2 19
split_gain=2.83396e+06 1.0186e+07 2.64543e+06 2.32654e+06 1.78076e+06 1.52553e+06 688742 633416 682343 772669 502575 274317 2.7019e+06 326271
threshold=0.59657095977676022 0.060412511091216488 0.3615133633692687 0.12927639189802589 -1.0000000180025095e-35 -0.082478699342166242 0.053161023919667837 0.11441813109879827 0.15316902763542067 -0.17205301266085657 -1.0000000180025095e-35 1.0000000180025095e-35 81.500000000000014 -0.048853614285148547
decision_type=2 2 2 2 2 2 2 2 2 2 2 2 2 2
left_child=1 2 3 4 5 -1 -6 8 -2 -10 -3 12 -9 -14
right_child=7 10 -4 -5 6 -7 -8 11 9 -11 -12 -13 13 -15
leaf_value=1.0801383972167968 1.7119008855108757 71.297804768880198 43.264887714385992 36.144637718200684 0.70815824700546448 38.475304921468108 24.795304234822595 48.829471842447923 4.6256739401817306 36.722804768880209 46.837567138671886 -0.80419331005420147 16.329438241322837 -0.5737315048605709
leaf_weight=5 166 3 3.9999999999999991 4.9999999999999991 276 5.9999999999999982 2.9999999999999991 2.9999999999999991 5.0000000000000009 2.9999999999999991 6.9999999999999982 2463 2.9999999999999991 59
leaf_count=5 166 3 4 5 276 6 3 3 5 3 7 2463 3 59
internal_value=4.62376e-09 4.53602 2.87583 2.32818 1.74514 21.4775 0.96716 -0.518738 2.39927 16.6621 54.1756 -0.719581 2.48656 0.244164
internal_weight=3011 309 299 295 290 11 279 2702 174 8 10 2528 65 62
internal_count=3011 309 299 295 290 11 279 2702 174 8 10 2528 65 62
is_linear=0
shrinkage=0.05


Tree=2
num_leaves=15
num_cat=0
split_feature=14 2 49 15 39 11 31 35 0 12 16 17 27 36
split_gain=2.57244e+06 4.11726e+06 1.63218e+06 2.28494e+06 1.70831e+06 2.16394e+06 1.60855e+06 1.47241e+06 1.09388e+06 884896 798985 586690 364461 309912
threshold=-0.070889169393617543 95.500000000000014 0.13308662598568158 0.30592225456330485 -0.094493943206804806 -1.0000000180025095e-35 -0.084569985101946951 -0.30456873739200907 0.58166254016841645 0.10952930095845158 0.14463649690520206 -0.098354533275596248 0.28539144430081687 0.03402084468505804
decision_type=2 2 2 2 2 2 2 2 2 2 2 2 2 2
left_child=1 6 3 4 5 -2 -1 -6 -5 11 12 -4 -8 -13
right_child=2 -3 9 8 7 -7 10 -9 -10 -11 -12 13 -14 -15
leaf_value=-0.92944386800130219 1.9597378158569332 1.9518056258177148 21.416130065917969 54.819607543945317 32.007052373886111 51.299649810791031 61.058420817057311 1.5036756411339274 12.121475187937415 26.488928476969406 17.057003021240234 -0.77255850184363495 40.228577968052456 3.9647599179404125
leaf_weight=2.9999999999999991 5 39 2.9999999999999991 2.9999999999999991 3.9999999999999991 3.9999999999999982 2.9999999999999982 361 3 2.9999999999999991 2.9999999999999991 2535 7 35
leaf_count=3 5 39 3 3 4 4 3 361 3 3 3 2535 7 35
internal_value=9.34576e-09 10.7142 -0.19935 2.85967 2.36859 23.8886 32.0724 1.83796 33.4705 -0.650603 39.6882 -0.682247 46.4775 -0.708042
internal_weight=3011 55 2956 380 374 9 16 365 6 2576 13 2573 10 2570
internal_count=3011 55 2956 380 374 9 16 365 6 2576 13 2573 10 2570
is_linear=0
shrinkage=0.05


Tree=3
num_leaves=15
num_cat=0
split_feature=0 4 15 16 14 45 36 49 14 24 17 33 26 46
split_gain=2.35056e+06 8.54398e+06 2.2082e+06 1.98639e+06 1.46239e+06 1.25044e+06 570382 520251 764200 1.03436e+06 451620 309530 247459 431648
threshold=0.59657095977676022 0.060412511091216488 0.3615133633692687 0.12927639189802589 -1.0000000180025095e-35 -0.082478699342166242 0.053161023919667837 0.1908250475016465 -0.059742494441327093 -0.093658750066348315 -1.0000000180025095e-35 -0.09214577447129943 -0.15230230415081139 0.089984392408653982
decision_type=2 2 2 2 2 2 2 2 2 2 2 2 2 2
left_child=1 2 3 4 5 -1 -6 8 9 -2 -3 -10 13 -13
right_child=7 10 -4 -5 6 -7 -8 -9 11 -11 -12 12 -14 -15
leaf_value=0.98616611957550038 37.451078796386675 65.824888102213535 39.511306953430179 33.357028503417972 0.63078473674646318 34.842309061686208 22.550739034016928 -0.72942089635113683 14.534598207473756 6.0647433701015663 42.637772478376121 2.1870268868363421 -0.12199358380576859 17.655811424255372
leaf_weight=5 3.0000000000000027 3 3.9999999999999991 4.9999999999999991 276 5.9999999999999982 2.9999999999999991 2376 3.9999999999999991 21 6.9999999999999982 46 247 4.9999999999999991
leaf_count=5 3 3 4 5 276 6 3 2376 4 21 7 46 247 5
internal_value=1.24465e-10 4.13108 2.61058 2.11023 1.57149 19.4532 0.866483 -0.472429 1.40062 9.98804 49.5939 0.718173 0.532718 3.70357
internal_weight=3011 309 299 295 290 11 279 2702 326 24 10 302 298 51
internal_count=3011 309 299 295 290 11 279 2702 326 24 10 302 298 51
is_linear=0
shrinkage=0.05


Tree=4
num_leaves=15
num_cat=0
split_feature=0 4 15 16 14 45 36 49 50 26 17 35 33 2
split_gain=2.12138e+06 7.71094e+06 1.9929e+06 1.79272e+06 1.3198e+06 1.12852e+06 514769 475559 550644 635456 407587 237151 221705 2.1056e+06
threshold=0.59657095977676022 0.060412511091216488 0.3615133633692687 0.12927639189802589 -1.0000000180025095e-35 -0.082478699342166242 0.053161023919667837 0.11441813109879827 0.15316902763542067 -0.17205301266085657 -1.0000000180025095e-35 0.020585535208807012 1.0000000180025095e-35 81.500000000000014
decision_type=2 2 2 2 2 2 2 2 2 2 2 2 2 2
left_child=1 2 3 4 5 -1 -6 8 11 -10 -3 -2 13 -9
right_child=7 10 -4 -5 6 -7 -8 12 9 -11 -12 -13 -14 -15
leaf_value=0.93685787677764876 0.39728629798406651 62.533642578124983 37.535740661621098 31.689176940917971 0.59924551899666367 33.100193023681648 21.423202133178712 43.170125325520836 3.9767675685882553 33.084739176432294 40.50588466099331 4.8162616866827008 -0.69890053854015755 0.27995550247930712
leaf_weight=5 126 3 3.9999999999999991 4.9999999999999991 276 5.9999999999999982 2.9999999999999991 2.9999999999999991 5.0000000000000009 2.9999999999999991 6.9999999999999982 40 2463 62
leaf_count=5 126 3 4 5 276 6 3 3 5 3 7 40 2463 62
internal_value=-9.3084e-09 3.92452 2.48005 2.00472 1.49292 18.4805 0.823159 -0.448807 2.07958 14.8923 47.1142 1.4621 -0.622834 2.2595
internal_weight=3011 309 299 295 290 11 279 2702 174 8 10 166 2528 65
internal_count=3011 309 299 295 290 11 279 2702 174 8 10 166 2528 65
is_linear=0
shrinkage=0.05


Tree=5
num_leaves=15
num_cat=0
split_feature=0 4 15 16 14 45 36 49 50 26 17 17 17 35
split_gain=1.91454e+06 6.95912e+06 1.7986e+06 1.61793e+06 1.19112e+06 1.01849e+06 464579 429192 496956 573499 367847 221337 219550 214029
threshold=0.59657095977676022 0.060412511091216488 0.3615133633692687 0.12927639189802589 -1.0000000180025095e-35 -0.082478699342166242 0.053161023919667837 0.11441813109879827 0.15316902763542067 -0.17205301266085657 -1.0000000180025095e-35 -1.0000000180025095e-35 0.19754636002022777 0.020585535208807012
decision_type=2 2 2 2 2 2 2 2 2 2 2 2 2 2
left_child=1 2 3 4 5 -1 11 8 13 -10 -3 -6 -7 -2
right_child=7 10 -4 -5 6 12 -8 -9 9 -11 -12 -13 -14 -15
leaf_value=0.89001494884490961 0.37742198588592668 59.406962076822907 35.658955001831053 30.104718322753907 2.7284296143485842 21.880716451009121 20.35204200744629 -0.59169233629975138 3.7779290771484364 31.430503336588544 38.480589512416302 -0.35926160181201805 41.009651692708324 4.575448617935181
leaf_weight=5 126 3 3.9999999999999991 4.9999999999999991 83 2.9999999999999982 2.9999999999999991 2528 5.0000000000000009 2.9999999999999991 6.9999999999999982 193 3 40
leaf_count=5 126 3 4 5 83 3 3 2528 5 3 7 193 3 40
internal_value=-1.90481e-08 3.7283 2.35605 1.90448 1.41827 17.5565 0.782001 -0.426367 1.9756 14.1476 44.7585 0.569283 31.4452 1.38899
internal_weight=3011 309 299 295 290 11 279 2702 174 8 10 276 6 166
internal_count=3011 309 299 295 290 11 279 2702 174 8 10 276 6 166
is_linear=0
shrinkage=0.05


Tree=6
num_leaves=15
num_cat=0
split_feature=14 2 49 15 39 11 31 35 0 49 12 43 7 11
split_gain=1.76235e+06 2.80411e+06 1.16456e+06 1.6328e+06 1.22535e+06 1.55652e+06 1.11184e+06 1.00854e+06 848767 647388 588444 463249 439840 1.19297e+06
threshold=-0.070889169393617543 95.500000000000014 0.13308662598568158 0.30592225456330485 -0.094493943206804806 -1.0000000180025095e-35 -0.084569985101946951 -0.30456873739200907 0.58166254016841645 0.18885959762867918 0.10952930095845158 0.092069772740236547 0.29843938832484834 0.053500060730668146
decision_type=2 2 2 2 2 2 2 2 2 2 2 2 2 2
left_child=1 6 3 4 5 -2 -1 -6 -5 11 12 -8 -4 -14
right_child=2 -3 10 8 7 -7 9 -9 -10 -11 -12 -13 13 -15
leaf_value=-0.94307273228963229 1.6315043449401854 1.6368676249797529 -0.61481172991952893 47.101024373372397 26.523011302947999 43.477536773681656 33.759762573242192 1.2777285740522468 9.4897009531656877 53.197411092122401 21.585230064392093 10.276011180877683 -0.67853765487670914 36.293720245361321
leaf_weight=2.9999999999999991 5 39 2562 2.9999999999999991 3.9999999999999991 3.9999999999999982 6.9999999999999982 361 3 2.9999999999999991 2.9999999999999991 3 7.9999999999999982 3
leaf_count=3 5 39 2562 3 4 4 7 361 3 3 3 3 8 3
internal_value=8.9303e-09 8.86813 -0.165002 2.41893 2.0038 20.2297 26.4943 1.55439 28.2954 32.826 -0.546172 26.7146 -0.571976 9.40481
internal_weight=3011 55 2956 380 374 9 16 365 6 13 2576 10 2573 11
internal_count=3011 55 2956 380 374 9 16 365 6 13 2576 10 2573 11
is_linear=0
shrinkage=0.05


Tree=7
num_leaves=15
num_cat=0
split_feature=14 2 49 15 39 11 31 35 0 49 12 43 7 13
split_gain=1.59052e+06 2.53071e+06 1.05102e+06 1.4736e+06 1.10588e+06 1.40476e+06 1.00344e+06 910211 766012 584268 531071 418082 396955 1.12866e+06
threshold=-0.070889169393617543 95.500000000000014 0.13308662598568158 0.30592225456330485 -0.094493943206804806 -1.0000000180025095e-35 -0.084569985101946951 -0.30456873739200907 0.58166254016841645 0.18885959762867918 0.10952930095845158 0.092069772740236547 0.29843938832484834 0.10693018684538676
decision_type=2 2 2 2 2 2 2 2 2 2 2 2 2 2
left_child=1 6 3 4 5 -2 -1 -6 -5 11 12 -8 -4 -14
right_child=2 -3 10 8 7 -7 9 -9 -10 -11 -12 -13 13 -15
leaf_value=-0.89591906865437831 1.5499291419982908 1.5550242107648116 -0.58407113665626165 44.745972696940107 25.196860122680665 41.303659820556653 32.071774509974894 1.2138421259221939 9.0152161916096976 50.537540690104173 20.50596834818522 9.7622106870015433 35.088689263661699 -0.87323193550109868
leaf_weight=2.9999999999999991 5 39 2562 2.9999999999999991 3.9999999999999991 3.9999999999999982 6.9999999999999982 361 3 2.9999999999999991 2.9999999999999991 3 2.9999999999999991 7.9999999999999991
leaf_count=3 5 39 2562 3 4 4 7 361 3 3 3 3 3 8
internal_value=9.153e-09 8.42472 -0.156752 2.29798 1.90361 19.2183 25.1696 1.47667 26.8806 31.1847 -0.518863 25.3789 -0.543377 8.93456
internal_weight=3011 55 2956 380 374 9 16 365 6 13 2576 10 2573 11
internal_count=3011 55 2956 380 374 9 16 365 6 13 2576 10 2573 11
is_linear=0
shrinkage=0.05


Tree=8
num_leaves=15
num_cat=0
split_feature=0 4 51 33 14 14 17 49 14 24 33 17 26 5
split_gain=1.45174e+06 5.42608e+06 1.39695e+06 3.08324e+06 799077 573360 326993 320521 536215 726068 241849 207163 192871 315985
threshold=0.59657095977676022 0.060412511091216488 0.064735488787244402 0.097490828287426973 -0.13763447293215839 -1.0000000180025095e-35 -1.0000000180025095e-35 0.1908250475016465 -0.059742494441327093 -0.093658750066348315 -0.09214577447129943 -1.0000000180025095e-35 -0.11160015746651489 -0.13311599154196738
decision_type=2 2 2 2 2 2 2 2 2 2 2 2 2 2
left_child=1 2 4 5 -1 -4 -3 8 9 -2 -10 -6 13 -12
right_child=7 6 3 -5 11 -7 -8 -9 10 -11 12 -13 -14 -15
leaf_value=20.878917447179557 31.301447550455691 53.287717692057278 22.548522567749018 -1.412592862202571 2.7719190838791077 47.945953063964822 33.557609776088178 -0.57299070593082546 12.740085601806641 5.0051778816041494 13.659146181742351 -0.21478248910701023 -0.3283299464594735 1.6424242421503992
leaf_weight=4.9999999999999991 3.0000000000000027 3 4 12.999999999999998 84 5.0000000000000018 6.9999999999999982 2376 3.9999999999999991 21 5.9999999999999991 188 230 62
leaf_count=5 3 3 4 13 84 5 7 2376 4 21 6 188 230 62
internal_value=1.59148e-08 3.24655 2.03484 14.1618 1.07168 36.6582 39.4766 -0.371274 1.0989 8.29221 0.52725 0.707581 0.36332 2.70272
internal_weight=3011 309 299 22 277 9 10 2702 326 24 302 272 298 68
internal_count=3011 309 299 22 277 9 10 2702 326 24 302 272 298 68
is_linear=0
shrinkage=0.05


Tree=9
num_leaves=15
num_cat=0
split_feature=0 4 15 16 14 45 36 17 49 14 24 33 26 5
split_gain=1.31019e+06 4.89704e+06 1.30703e+06 1.1207e+06 804972 744129 325057 295111 289270 483934 655277 218268 174066 285176
threshold=0.59657095977676022 0.060412511091216488 0.3615133633692687 0.12927639189802589 -1.0000000180025095e-35 -0.082478699342166242 0.053161023919667837 -1.0000000180025095e-35 0.1908250475016465 -0.059742494441327093 -0.093658750066348315 -0.09214577447129943 -0.11160015746651489 -0.13311599154196738
decision_type=2 2 2 2 2 2 2 2 2 2 2 2 2 2
left_child=1 2 3 4 5 -1 -6 -3 9 10 -2 -11 13 -13
right_child=8 7 -4 -5 6 -7 -8 -9 -10 11 -12 12 -14 -15
leaf_value=0.16446535110473631 29.736374918619756 50.623331705729157 30.322633171081545 25.018415050506594 0.44249763795431107 26.28186569213868 16.990172322591146 31.879728698730474 -0.54434118487618188 12.103080582618714 4.7549189317794074 12.976189295450846 -0.3119134622423545 1.5603030320136779
leaf_weight=5 3.0000000000000027 3 3.9999999999999991 4.9999999999999991 276 5.9999999999999982 2.9999999999999991 6.9999999999999982 2376 3.9999999999999991 21 5.9999999999999991 230 62
leaf_count=5 3 3 4 5 276 6 3 7 2376 4 21 6 230 62
internal_value=2.23394e-09 3.08422 1.9331 1.54815 1.14349 14.4103 0.62043 37.5028 -0.352711 1.04396 7.8776 0.500888 0.345154 2.56759
internal_weight=3011 309 299 295 290 11 279 10 2702 326 24 302 298 68
internal_count=3011 309 299 295 290 11 279 10 2702 326 24 302 298 68
is_linear=0
shrinkage=0.05


Tree=10
num_leaves=15
num_cat=0
split_feature=0 4 15 16 14 45 36 17 49 50 26 35 17 33
split_gain=1.18245e+06 4.41958e+06 1.1796e+06 1.01143e+06 726487 671577 293364 266338 265415 337490 415006 172776 169337 164584
threshold=0.59657095977676022 0.060412511091216488 0.3615133633692687 0.12927639189802589 -1.0000000180025095e-35 -0.082478699342166242 0.053161023919667837 -1.0000000180025095e-35 0.11441813109879827 0.15316902763542067 -0.17205301266085657 0.020585535208807012 -1.0000000180025095e-35 1.0000000180025095e-35
decision_type=2 2 2 2 2 2 2 2 2 2 2 2 2 2
left_child=1 2 3 4 5 -1 12 -3 9 11 -11 -2 -6 -10
right_child=8 7 -4 -5 6 -7 -8 -9 13 10 -12 -13 -14 -15
leaf_value=0.15624206542968749 0.16151995512228165 48.092163085937486 28.806501388549805 23.767493753433229 2.3089318993579915 24.9677724202474 16.14066365559896 30.285742405482708 2.018341944767879 2.7633778190612786 26.286595662434895 3.9333380472660071 -0.39180550809968939 -0.53062396643851961
leaf_weight=5 126 3 3.9999999999999991 4.9999999999999991 83 5.9999999999999982 2.9999999999999991 6.9999999999999982 65 5.0000000000000009 2.9999999999999991 40 193 2463
leaf_count=5 126 3 4 5 83 6 3 7 65 5 3 40 193 2463
internal_value=-3.25242e-09 2.93001 1.83644 1.47075 1.08632 13.6898 0.589408 35.6277 -0.335075 1.5538 11.5846 1.07039 0.420373 -0.465085
internal_weight=3011 309 299 295 290 11 279 10 2702 174 8 166 276 2528
internal_count=3011 309 299 295 290 11 279 10 2702 174 8 166 276 2528
is_linear=0
shrinkage=0.05


Tree=11
num_leaves=15
num_cat=0
split_feature=14 2 49 15 32 27 4 35 11 15 13 27 0 11
split_gain=1.08182e+06 1.79612e+06 749941 1.04204e+06 815579 747095 575099 458155 438332 396664 373063 354893 674612 306501
threshold=-0.070889169393617543 95.500000000000014 0.13308662598568158 0.30592225456330485 0.25633693975281285 0.16960390580963033 0.084461248575193368 -0.30456873739200907 0.11354546353627451 0.25619052859041019 0.09656716345700056 0.37797577282721934 0.61012389029361513 0.082902759010380231
decision_type=2 2 2 2 2 2 2 2 2 2 2 2 2 2
left_child=1 5 3 4 7 -1 -5 -2 -9 13 -10 -4 -13 -7
right_child=2 -3 11 6 -6 9 -8 8 10 -11 -12 12 -14 -15
leaf_value=-1.4361403147379557 16.435639476776124 1.1606375969373264 -0.47179321404648128 38.095989990234379 27.577947362263998 27.191898890904021 7.1363532543182364 0.95567833604005714 23.585329437255862 42.191002400716144 0.26043415069580073 28.803264363606782 0.46408649172101701 8.0900201161702459
leaf_weight=2.9999999999999991 4.9999999999999991 39 2566 2.9999999999999991 2.9999999999999991 6.9999999999999982 3 359 3.9999999999999991 2.9999999999999991 3 2.9999999999999982 7 3
leaf_count=3 5 39 2566 3 3 7 3 359 4 3 3 3 7 3
internal_value=9.45093e-09 6.94805 -0.129277 1.94426 1.61263 21.0549 22.6162 1.40267 1.1973 26.2451 13.5889 -0.435156 8.96584 21.4613
internal_weight=3011 55 2956 380 374 16 6 371 366 13 7 2576 10 10
internal_count=3011 55 2956 380 374 16 6 371 366 13 7 2576 10 10
is_linear=0
shrinkage=0.05


Tree=12
num_leaves=15
num_cat=0
split_feature=7 5 12 51 15 8 14 2 4 2 49 11 26 2
split_gain=997121 1.88626e+06 1.74175e+06 1.17084e+06 899911 841182 510321 1.06947e+06 679064 453436 320457 879143 291942 209630
threshold=0.22948967799066827 -0.058608455853479839 0.16919521795350842 0.064735488787244402 0.13721703133208762 0.083505920422862881 -0.059742494441327093 79.500000000000014 -0.090950888201098909 57.500000000000007 0.11441813109879827 0.12061898428300556 0.076594760949813226 177.50000000000003
decision_type=2 2 2 2 2 2 2 2 2 2 2 2 2 2
left_child=2 3 6 -2 -4 -3 7 8 -1 -10 11 12 -8 -14
right_child=1 5 4 -5 -6 -7 10 -9 9 -11 -12 -13 13 -15
leaf_value=2.0451261997222896 7.127944126129151 0.76778986313763786 6.3936320304870593 39.888694000244136 39.933001708984364 28.01149597167969 0.73280860096311728 1.1602928050020909 42.564553833007828 16.8495491027832 -0.47890943920020712 28.137208557128908 21.213416544596356 2.521602567036946
leaf_weight=4 4.9999999999999982 51 4 6 4 2.9999999999999991 312 47 2.9999999999999982 4 2559 2.9999999999999991 2.9999999999999991 3
leaf_count=4 5 51 4 6 4 3 312 47 3 4 2559 3 3 3
internal_value=8.85508e-09 6.12559 -0.135154 24.9974 23.1633 2.28133 -0.198594 4.44493 18.4793 27.8703 -0.29211 1.19705 0.942897 11.8675
internal_weight=3011 65 2946 11 8 54 2938 58 11 7 2880 321 318 6
internal_count=3011 65 2946 11 8 54 2938 58 11 7 2880 321 318 6
is_linear=0
shrinkage=0.05


Tree=13
num_leaves=15
num_cat=0
split_feature=7 5 12 51 15 8 14 2 41 2 49 11 26 2
split_gain=899902 1.70235e+06 1.57193e+06 1.05668e+06 812170 759167 460565 965197 618110 468624 290737 735492 252337 167888
threshold=0.22948967799066827 -0.058608455853479839 0.16919521795350842 0.064735488787244402 0.13721703133208762 0.083505920422862881 -0.059742494441327093 79.500000000000014 -0.077876133008419432 57.500000000000007 0.07415146371300875 0.11610611726824344 0.076594760949813226 73.500000000000014
decision_type=2 2 2 2 2 2 2 2 2 2 2 2 2 2
left_child=2 3 6 -2 -4 -3 7 8 -1 -10 11 12 -8 -5
right_child=1 5 4 13 -6 -7 10 -9 9 -11 -12 -13 -14 -15
leaf_value=-1.7995659192403153 6.7715468788146982 0.72940036543444098 6.0739506244659411 29.530440266927076 37.93635177612304 26.610921223958332 0.76254443096886115 1.1022781399970361 40.436325073242202 15.439692687988279 -0.44721323242039929 25.840414174397786 12.092448463439943 46.258079020182279
leaf_weight=3 4.9999999999999982 51 4 3 4 2.9999999999999991 287 47 2.9999999999999982 5 2585 2.9999999999999991 4.9999999999999991 3
leaf_count=3 5 51 4 3 4 3 287 47 3 5 2585 3 5 3
internal_value=9.42223e-09 5.81931 -0.128396 23.7476 22.0052 2.16726 -0.188665 4.22269 17.5553 24.8134 -0.277504 1.20961 0.95655 37.8943
internal_weight=3011 65 2946 11 8 54 2938 58 11 8 2880 295 292 6
internal_count=3011 65 2946 11 8 54 2938 58 11 8 2880 295 292 6
is_linear=0
shrinkage=0.05


Tree=14
num_leaves=15
num_cat=0
split_feature=0 4 0 33 2 15 9 26 17 17 2 41 36 28
split_gain=820656 1.60443e+06 1.596e+06 751320 663115 522935 1.01833e+06 361985 700950 199077 188368 173301 139213 479432
threshold=0.63525748419877537 0.060412511091216488 0.60580039236764249 -0.066204537139711625 180.50000000000003 0.3615133633692687 -1.0000000180025095e-35 0.065877469525934887 0.26785993831661259 -1.0000000180025095e-35 166.50000000000003 0.19055927409423626 0.03402084468505804 -0.086347956473614498
decision_type=2 2 2 2 2 2 2 2 2 2 2 2 2 2
left_child=1 3 9 4 -1 7 -7 11 -9 -3 -4 -5 -2 -14
right_child=12 2 10 5 -6 6 -8 8 -10 -11 -12 -13 13 -15
leaf_value=30.888518524169925 -0.37237485973502643 40.727251180013013 13.755041313171388 0.43016106438944518 -0.20879319508870436 -4.9181756973266593 36.279045613606769 2.3742613898383249 30.281847635904953 25.332545035225994 -0.71207484669155541 12.49641752243042 21.974212646484375 0.97760879417945601
leaf_weight=3.9999999999999991 2561 3 2.9999999999999991 368 3 3 2.9999999999999991 8.9999999999999982 2.9999999999999991 7.0000000000000018 8.9999999999999982 2.9999999999999991 2.9999999999999991 29
leaf_count=4 2561 3 3 368 3 3 3 9 3 7 9 3 3 29
internal_value=6.72012e-09 2.05593 15.1985 1.32579 17.5611 1.03364 15.6804 0.804184 9.35116 29.951 2.9047 0.527732 -0.331423 2.94604
internal_weight=3011 418 22 396 7 389 6 383 12 10 12 371 2593 32
internal_count=3011 418 22 396 7 389 6 383 12 10 12 371 2593 32
is_linear=0
shrinkage=0.05


Tree=15
num_leaves=15
num_cat=0
split_feature=49 39 2 35 15 26 0 14 36 27 0 4 7 12
split_gain=758054 891140 701011 625034 1.75401e+06 375616 308001 280708 590580 262223 489378 198493 171488 155009
threshold=0.13308662598568158 -0.070484040750911428 149.50000000000003 -0.18016156597711888 0.2023858401953455 0.076594760949813226 0.72961390558424877 -0.13763447293215839 -0.10038414742861865 0.37797577282721934 0.61012389029361513 -0.02684145337680444 0.25502854953653659 -1.0000000180025095e-35
decision_type=2 2 2 2 2 2 2 2 2 2 2 2 2 2
left_child=1 2 12 4 13 11 -7 8 -2 -9 -11 -5 -1 -3
right_child=7 3 -4 5 -6 6 -8 9 -10 10 -12 -13 -14 -15
leaf_value=34.485378011067709 -1.0991821016584122 -1.6228238635592991 4.3516542434692385 2.2798642493180328 39.889985656738283 19.485901184082039 0.87135257720947257 -0.37686004070043105 22.984706163406379 24.63129221598308 0.49434223175048819 -0.10168177233399632 18.671228408813473 11.500900220870973
leaf_weight=2.9999999999999991 7 8.9999999999999982 8.9999999999999982 148 3.9999999999999991 4.9999999999999982 4 2587 3.9999999999999982 2.9999999999999982 7 214 4 2.9999999999999991
leaf_count=3 7 9 9 148 4 5 4 2587 4 3 7 214 4 3
internal_value=-4.26893e-09 2.01821 13.5816 1.54013 11.2161 1.12284 11.2128 -0.311863 7.6586 -0.345623 7.73543 0.871989 25.4487 1.65811
internal_weight=3011 403 16 387 16 371 9 2608 11 2597 10 362 7 12
internal_count=3011 403 16 387 16 371 9 2608 11 2597 10 362 7 12
is_linear=0
shrinkage=0.05


Tree=16
num_leaves=15
num_cat=0
split_feature=7 5 12 43 2 27 49 27 35 2 26 19 0 17
split_gain=700938 1.56842e+06 1.24131e+06 1.21197e+06 647418 546621 303109 249018 1.20606e+06 771920 403637 171466 137924 130393
threshold=0.16693883847388805 -0.063454766760364975 0.16919521795350842 0.093968884028650654 175.50000000000003 0.34063758055352927 -1.0000000180025095e-35 0.26911572783095666 -0.18193383272191799 57.500000000000007 0.070843762781051214 -0.076707013452997616 0.67840004377955709 0.32541648607329249
decision_type=2 2 2 2 2 2 2 2 2 2 2 2 2 2
left_child=2 3 7 5 -4 -2 -3 -1 9 -9 -10 13 -12 -8
right_child=1 6 4 -5 -6 -7 11 8 10 -11 12 -13 -14 -15
leaf_value=-0.35146681702718507 1.5695939726299706 16.818530654907228 30.537401428222651 35.572025553385423 1.1567365646362302 23.783946990966797 2.2547038733959197 40.900624593098961 0.37349210785884485 7.3489286661148059 18.621829986572266 0.0079748637882279764 4.4394585291544582 16.044409942626949
leaf_weight=2624 9.0000000000000018 2.9999999999999991 5 5.9999999999999991 3 3.9999999999999991 3.9999999999999991 2.9999999999999991 255 4 3.9999999999999991 81 3 3
leaf_count=2624 9 3 5 6 3 4 4 3 255 4 4 81 3 3
internal_value=-1.70282e-08 3.91771 -0.148552 16.9839 19.5197 8.40478 1.1896 -0.20294 1.24589 21.7282 0.69865 0.656796 12.5437 8.16458
internal_weight=3011 110 2901 19 8 13 91 2893 269 7 262 88 7 7
internal_count=3011 110 2901 19 8 13 91 2893 269 7 262 88 7 7
is_linear=0
shrinkage=0.05


Tree=17
num_leaves=15
num_cat=0
split_feature=49 39 27 35 15 26 0 14 50 27 0 4 7 12
split_gain=638381 722942 590608 521224 1.45216e+06 311034 253215 230887 510339 218895 412070 174924 153771 137030
threshold=0.13308662598568158 -0.070484040750911428 0.32371338674914457 -0.18016156597711888 0.2023858401953455 0.076594760949813226 0.72961390558424877 -0.13763447293215839 0.053000050822961921 0.37797577282721934 0.61012389029361513 -0.02684145337680444 0.25502854953653659 -1.0000000180025095e-35
decision_type=2 2 2 2 2 2 2 2 2 2 2 2 2 2
left_child=1 2 -1 4 13 11 -7 8 -2 -9 -11 -5 -4 -3
right_child=7 3 12 5 -6 6 -8 9 -10 10 -12 -13 -14 -15
leaf_value=3.7951622062259247 21.189398574829109 -1.5241092999776207 31.716930643717451 2.1337740232010147 36.34762878417969 17.723359069824223 0.84535832405090316 -0.34534715928301463 -1.1986774512699669 22.570482889811206 0.42190794944763177 -0.1019123058731311 16.741958045959471 10.815089046955109
leaf_weight=8.9999999999999982 3.9999999999999982 8.9999999999999982 2.9999999999999991 148 3.9999999999999991 4.9999999999999982 4 2587 7 2.9999999999999982 7 214 4 2.9999999999999991
leaf_count=9 4 9 3 148 4 5 4 2587 7 3 7 214 4 3
internal_value=-3.79878e-09 1.85206 12.2672 1.42146 10.2574 1.0404 10.222 -0.286189 6.94244 -0.316807 7.06648 0.812125 23.1598 1.56069
internal_weight=3011 403 16 387 16 371 9 2608 11 2597 10 362 7 12
internal_count=3011 403 16 387 16 371 9 2608 11 2597 10 362 7 12
is_linear=0
shrinkage=0.05


Tree=18
num_leaves=15
num_cat=0
split_feature=7 5 12 9 2 8 14 2 30 15 2 49 25 29
split_gain=594765 1.15386e+06 1.03874e+06 780498 544797 443084 334634 717006 475811 263412 242509 187633 555138 171637
threshold=0.22948967799066827 -0.058608455853479839 0.16919521795350842 -0.053149559392331229 175.50000000000003 0.083505920422862881 -0.059742494441327093 79.500000000000014 -0.16846358555191143 0.27599963119325949 57.500000000000007 0.07415146371300875 0.27660911108785752 -0.071796218258281239
decision_type=2 2 2 2 2 2 2 2 2 2 2 2 2 2
left_child=2 3 6 9 -4 -3 7 8 10 -2 -1 12 13 -8
right_child=1 5 4 -5 -6 -7 11 -9 -10 -11 -12 -13 -14 -15
leaf_value=34.643214925130202 37.958837127685541 0.6257573651332482 27.994832458496091 1.8722065210342411 1.043101374308268 20.398381042480469 12.643664677937826 0.91737099429394342 3.7066287422180184 18.359297180175776 14.538949839274085 -0.3654364193794345 22.364404805501305 0.62220962842649241
leaf_weight=3 4 51 5 3.9999999999999982 3 2.9999999999999991 2.9999999999999991 47 4.9999999999999982 3 3 2585 2.9999999999999991 289
leaf_count=3 4 51 5 4 3 3 3 47 5 3 3 2585 3 289
internal_value=7.64062e-09 4.73094 -0.104382 19.4911 17.8879 1.72424 -0.153374 3.60683 15.0981 29.559 24.5911 -0.229101 0.965569 0.745718
internal_weight=3011 65 2946 11 8 54 2938 58 11 7 6 2880 295 292
internal_count=3011 65 2946 11 8 54 2938 58 11 7 6 2880 295 292
is_linear=0
shrinkage=0.05


Tree=19
num_leaves=15
num_cat=0
split_feature=7 5 43 12 15 27 49 14 25 29 0 19 44 27
split_gain=540097 1.21545e+06 978621 940928 493521 423864 239674 195017 422783 332263 314306 132194 131209 343343
threshold=0.16693883847388805 -0.063454766760364975 0.093968884028650654 0.16919521795350842 0.19293806067280705 0.34063758055352927 -1.0000000180025095e-35 1.0000000180025095e-35 0.27660911108785752 0.18324869780323066 0.67268396025688404 -0.076707013452997616 -0.098686705682117501 0.14844836173594309
decision_type=2 2 2 2 2 2 2 2 2 2 2 2 2 2
left_child=3 2 5 7 -5 -2 -3 8 9 12 -11 -8 13 -1
right_child=1 6 -4 4 -6 -7 11 -9 -10 10 -12 -13 -14 -15
leaf_value=0.46772519350051889 1.2132268481784392 14.934993108113609 31.644361368815108 7.374019699096678 33.026064554850251 20.774796485900879 7.1557640348161975 -0.33544604519366605 15.3321919631958 23.807574971516928 0.91996765136718717 -0.0060906214754522583 0.33123499918941945 20.302377827962236
leaf_weight=7.9999999999999982 9.0000000000000018 2.9999999999999991 5.9999999999999991 5 3 3.9999999999999991 6.9999999999999991 2521 4.9999999999999991 2.9999999999999991 3 81 350 3
leaf_count=8 9 3 6 5 3 4 7 2521 5 3 3 81 350 3
internal_value=-1.07346e-08 3.43897 14.9413 -0.130399 16.9935 7.23217 1.03738 -0.177751 0.890927 0.694179 12.3638 0.563602 0.500225 5.87718
internal_weight=3011 110 19 2901 8 13 91 2893 372 367 6 88 361 11
internal_count=3011 110 19 2901 8 13 91 2893 372 367 6 88 361 11
is_linear=0
shrinkage=0.05


end of trees

feature_importances:
embedding_10=23
prompt_approx_tokens=21
embedding_45=21
a2_score=20
embedding_11=19
embedding_13=16
embedding_22=14
embedding_00=13
embedding_08=10
embedding_23=10
embedding_31=10
embedding_32=10
embedding_03=9
embedding_29=9
embedding_07=8
embedding_12=8
embedding_01=7
embedding_41=7
embedding_35=5
embedding_46=5
embedding_39=4
embedding_04=3
embedding_15=3
embedding_20=3
embedding_27=3
embedding_47=3
embedding_05=2
embedding_09=2
embedding_21=2
embedding_25=2
embedding_37=2
embedding_24=1
embedding_26=1
embedding_28=1
embedding_30=1
embedding_40=1
embedding_42=1

parameters:
[boosting: gbdt]
[objective: regression]
[metric: rmse]
[tree_learner: serial]
[device_type: cpu]
[data_sample_strategy: bagging]
[data: ]
[valid: ]
[num_iterations: 20]
[learning_rate: 0.05]
[num_leaves: 15]
[num_threads: 1]
[seed: 23]
[deterministic: 0]
[force_col_wise: 1]
[force_row_wise: 0]
[histogram_pool_size: -1]
[max_depth: -1]
[min_data_in_leaf: 3]
[min_sum_hessian_in_leaf: 0.001]
[bagging_fraction: 1]
[pos_bagging_fraction: 1]
[neg_bagging_fraction: 1]
[bagging_freq: 0]
[bagging_seed: 25556]
[bagging_by_query: 0]
[feature_fraction: 1]
[feature_fraction_bynode: 1]
[feature_fraction_seed: 31605]
[extra_trees: 0]
[extra_seed: 3808]
[early_stopping_round: 0]
[early_stopping_min_delta: 0]
[first_metric_only: 0]
[max_delta_step: 0]
[lambda_l1: 0]
[lambda_l2: 0]
[linear_lambda: 0]
[min_gain_to_split: 0]
[drop_rate: 0.1]
[max_drop: 50]
[skip_drop: 0.5]
[xgboost_dart_mode: 0]
[uniform_drop: 0]
[drop_seed: 6130]
[top_rate: 0.2]
[other_rate: 0.1]
[min_data_per_group: 100]
[max_cat_threshold: 32]
[cat_l2: 10]
[cat_smooth: 10]
[max_cat_to_onehot: 4]
[top_k: 20]
[monotone_constraints: ]
[monotone_constraints_method: basic]
[monotone_penalty: 0]
[feature_contri: ]
[forcedsplits_filename: ]
[refit_decay_rate: 0.9]
[cegb_tradeoff: 1]
[cegb_penalty_split: 0]
[cegb_penalty_feature_lazy: ]
[cegb_penalty_feature_coupled: ]
[path_smooth: 0]
[interaction_constraints: ]
[verbosity: -1]
[saved_feature_importance_type: 0]
[use_quantized_grad: 0]
[num_grad_quant_bins: 4]
[quant_train_renew_leaf: 0]
[stochastic_rounding: 1]
[linear_tree: 0]
[max_bin: 255]
[max_bin_by_feature: ]
[min_data_in_bin: 3]
[bin_construct_sample_cnt: 200000]
[data_random_seed: 113]
[is_enable_sparse: 1]
[enable_bundle: 1]
[use_missing: 1]
[zero_as_missing: 0]
[feature_pre_filter: 1]
[pre_partition: 0]
[two_round: 0]
[header: 0]
[label_column: ]
[weight_column: ]
[group_column: ]
[ignore_column: ]
[categorical_feature: ]
[forcedbins_filename: ]
[precise_float_parser: 0]
[parser_config_file: ]
[objective_seed: 16714]
[num_class: 1]
[is_unbalance: 0]
[scale_pos_weight: 1]
[sigmoid: 1]
[boost_from_average: 1]
[reg_sqrt: 0]
[alpha: 0.9]
[fair_c: 1]
[poisson_max_delta_step: 0.7]
[tweedie_variance_power: 1.5]
[lambdarank_truncation_level: 30]
[lambdarank_norm: 1]
[label_gain: ]
[lambdarank_position_bias_regularization: 0]
[eval_at: ]
[multi_error_top_k: 1]
[auc_mu_weights: ]
[num_machines: 1]
[local_listen_port: 12400]
[time_out: 120]
[machine_list_filename: ]
[machines: ]
[gpu_platform_id: -1]
[gpu_device_id: -1]
[gpu_device_id_list: ]
[gpu_use_dp: 0]
[num_gpu: 1]

end of parameters

pandas_categorical:null
