tree
version=v4
num_class=1
num_tree_per_iteration=1
label_index=0
max_feature_idx=51
objective=binary sigmoid:1
feature_names=a2_score has_code_fence prompt_approx_tokens prompt_chars embedding_00 embedding_01 embedding_02 embedding_03 embedding_04 embedding_05 embedding_06 embedding_07 embedding_08 embedding_09 embedding_10 embedding_11 embedding_12 embedding_13 embedding_14 embedding_15 embedding_16 embedding_17 embedding_18 embedding_19 embedding_20 embedding_21 embedding_22 embedding_23 embedding_24 embedding_25 embedding_26 embedding_27 embedding_28 embedding_29 embedding_30 embedding_31 embedding_32 embedding_33 embedding_34 embedding_35 embedding_36 embedding_37 embedding_38 embedding_39 embedding_40 embedding_41 embedding_42 embedding_43 embedding_44 embedding_45 embedding_46 embedding_47
feature_infos=[2.3630005139339154:3.1759191890892762] none [8:965] [34:3860] [-0.41087217443874041:0.61782155193190347] [-0.48471791416315496:0.50738849249045237] [-0.58520573598065284:0.1637091018140116] [-0.457495710997814:0.48970210687439175] [-0.41646336503628284:0.36980013081681939] [-0.46164353574848277:0.27910827799011501] [-0.49030428616306426:0.35382651028683815] [-0.41130179815941625:0.42628184178677897] [-0.7761441759351253:0.25514595333753737] [-0.25087260300212721:0.56200266417119338] [-0.38669459561826541:0.57796492950336786] [-0.48622141449773226:0.48730810225589299] [-0.55001909821692674:0.39036002917941331] [-0.23408229439226114:0.70149986857704305] [-0.3596943895981084:0.42459591394742019] [-0.3481553119113957:0.47546492756792713] [-0.3245134270208202:0.52075564392329554] [-0.39082557499682519:0.32882426898275152] [-0.41281254969226883:0.45401858887714786] [-0.49763795114508702:0.41301708893558936] [-0.53839652650374503:0.42173074971558477] [-0.30845685446746224:0.51089105201080265] [-0.40388187304691769:0.36099410255771208] [-0.2290393337255473:0.6393508022779113] [-0.40927275453502904:0.33633639699815621] [-0.42444648726183282:0.25630729731502827] [-0.73874861306336814:0.21031022607861385] [-0.4681734716045628:0.40689422938557973] [-0.30599503068105227:0.41130179815941625] [-0.2520988421229669:0.59213690821293896] [-0.43249857361756672:0.4493247650413843] [-0.64379044019311227:0.34731435582359393] [-0.48314531438551706:0.27044936151312532] [-0.3576777653141881:0.55381861969499646] [-0.5121475197315839:0.33776026473659926] [-0.53951250094920478:0.43748483228844198] [-0.63167616570923679:0.68475227121768012] [-0.48949020986880254:0.48218561322280346] [-0.46114398896535042:0.38087317795088099] [-0.44766148103584524:0.36014120303280989] [-0.39773369280899523:0.42008402520840299] [-0.48434471241406046:0.48800932206302489] [-0.75925660236529657:0.33806170189140661] [-0.51314236049113426:0.3563249516154553] [-0.43560684186903209:0.43070552164653242] [-0.42111744380615784:0.62985816774525505] [-0.35666297896665838:0.37577968896651326] [-0.51047656089015592:0.41650600860529929]
tree_sizes=1671 1729 1742 1739 1730 1729 1730 1736 1739 1736 1725 1742 1738 1741 1732 1736 1728 1747 1739 1749 1749 1757 1742 1736 1730 1742 1742 1742 1744 1745

Tree=0
num_leaves=15
num_cat=0
split_feature=49 35 47 32 39 18 38 31 13 0 26 16 21 28
split_gain=419.013 42.8851 24.6197 26.9757 23.5613 18.3112 18.814 17.0943 16.0599 15.0583 16.4088 15.0272 12.7455 12.743
threshold=0.093266586136931076 -0.05643347943816162 -0.17905356339305598 0.13466590765535943 0.095316272675214628 -0.10371281108948356 -0.034080184665080018 -0.18733630641990442 0.16354762416825572 2.6864611032732957 0.019601563077073569 0.056614069803398219 0.089999533610868057 -0.064871667542668376
decision_type=2 2 2 2 2 2 2 2 2 2 2 2 2 2
left_child=1 8 3 12 -5 6 11 -3 -1 -9 -11 -4 -2 -7
right_child=2 7 5 4 -6 13 -8 9 -10 10 -12 -13 -14 -15
leaf_value=1.1228161031802921 1.0837572198695589 0.89877434850992566 1.0822867677919783 1.0646800389683164 0.89939929064289736 1.0679548683873308 0.98010828074253964 0.99195537550888346 0.95001960341360792 0.9220786422426781 1.1337525905072974 0.9087734226374734 0.98179297712153912 1.0912069873693133
leaf_weight=4.5718517303466788 20.001851320266727 20.001851320266724 19.430369853973396 3.6193826198577863 5.333827018737793 69.911232709884644 7.8102467060089102 16.572962522506714 1.904938220977783 23.621233940124515 0.9524691104888906 1.3334567546844471 3.6193826198577872 374.89184188842773
leaf_count=24 105 105 102 19 28 367 41 87 10 124 5 7 19 1968
internal_value=1.06654 0.94965 1.08217 1.04012 0.966215 1.08506 1.04626 0.936691 1.07199 0.955123 0.930283 1.07114 1.06813 1.08755
internal_weight=573.577 67.6253 505.952 32.5744 8.95321 473.377 28.5741 61.1485 6.47679 41.1467 24.5737 20.7638 23.6212 444.803
internal_count=3011 355 2656 171 47 2485 150 321 34 216 129 109 124 2335
is_linear=0
shrinkage=1


Tree=1
num_leaves=15
num_cat=0
split_feature=49 35 47 32 39 18 38 26 31 16 28 45 13 39
split_gain=359.838 34.5319 22.2497 22.8859 18.7174 16.6561 16.1547 15.0185 12.737 12.6964 12.2242 12.4 12.0947 13.4355
threshold=0.093266586136931076 -0.05643347943816162 -0.17905356339305598 0.13466590765535943 0.095316272675214628 -0.10371281108948356 -0.034080184665080018 -0.057459038037705835 -0.18733630641990442 0.056614069803398219 0.11207197804988246 0.061213341814236585 0.057166423992460899 0.14230870492188705
decision_type=2 2 2 2 2 2 2 2 2 2 2 2 2 2
left_child=1 7 3 10 -5 6 9 -1 -3 12 11 -2 13 -4
right_child=2 8 5 4 -6 -7 -8 -9 -10 -11 -12 -13 -14 -15
leaf_value=-0.089577042165204346 0.032407595354529438 -0.14735321598448275 -0.16818082459608427 -0.0017679500097489522 -0.14684412062467353 0.020172877811293066 -0.078749114315254318 0.066582842673841888 -0.10034467545651055 -0.13917603412695126 -0.082412253836014068 -0.083673781407854364 0.030871168167106933 0.066940992359094731
leaf_weight=2.5349722653627396 17.282692849636085 21.588686183094978 1.7012457847595315 3.6226707994937879 5.7554667592048645 440.22804273664951 8.1348963230848295 3.9214745610952368 43.33294303715229 1.4331647902727116 3.6638717353343955 2.6538303345441809 16.634403228759766 0.94513654708862294
leaf_count=13 91 105 9 19 28 2335 41 21 216 7 19 14 88 5
internal_value=3.56169e-05 -0.105009 0.01497 -0.0247274 -0.0908028 0.017761 -0.0190442 0.00527033 -0.115977 0.00440344 0.00152907 0.0169555 0.0150759 -0.0842087
internal_weight=573.433 71.3781 502.055 32.9785 9.37814 469.077 28.8488 6.45645 64.9216 20.714 23.6004 19.9365 19.2808 2.64638
internal_count=3011 355 2656 171 47 2485 150 34 321 109 124 105 102 14
is_linear=0
shrinkage=0.05


Tree=2
num_leaves=15
num_cat=0
split_feature=49 35 47 39 7 19 18 43 26 37 4 26 11 28
split_gain=312.432 28.4417 20.6839 21.4881 21.8697 19.7595 16.5825 15.316 14.6702 14.1407 14.4378 13.4775 12.2516 11.9277
threshold=0.093266586136931076 -0.05643347943816162 -0.14744227874684082 0.091287241497250718 -0.048443128173234949 -0.059551660892417091 -0.10371281108948356 0.048336923404054745 -0.11043191100293022 0.046887165408536782 -0.03820913533404674 -0.057459038037705835 -0.10362562204437102 -0.064871667542668376
decision_type=2 2 2 2 2 2 2 2 2 2 2 2 2 2
left_child=1 11 3 5 9 -2 8 -6 -4 10 -5 -1 -11 -8
right_child=2 -3 6 4 7 -7 13 -9 -10 12 -12 -13 -14 -15
leaf_value=-0.081654976564931078 -0.15953008180629066 -0.10492493990267271 -0.12046764618834538 -0.089196710472229809 -0.042578676401276924 0.040809580443690631 0.0010770660325044265 -0.15466039971935663 -0.0063967276099963534 -0.13468737449135768 0.048010166592322157 0.065515825837734562 0.051069879188972517 0.024004043970176393
leaf_weight=2.6389952003955841 1.3243654519319559 68.08078008890152 3.1684081256389645 6.9865041226148605 6.7707260400056821 17.418240085244179 67.664899423718452 5.5435860902070999 25.526342675089836 0.98294143378734489 2.6424554288387316 3.7894217520952216 9.1563051640987378 350.99140763282776
leaf_count=13 7 321 16 36 35 93 359 27 132 5 14 21 48 1884
internal_value=6.16945e-05 -0.0954324 0.0143442 -0.0158818 -0.0407309 0.0266534 0.0177782 -0.093035 -0.0189922 -0.00814879 -0.0515433 0.00509923 0.0330618 0.0202985
internal_weight=572.685 74.5092 498.176 50.8251 32.0825 18.7426 447.351 12.3143 28.6948 19.7682 9.62896 6.42842 10.1392 418.656
internal_count=3011 355 2656 265 165 100 2391 62 148 103 50 34 53 2243
is_linear=0
shrinkage=0.05


Tree=3
num_leaves=15
num_cat=0
split_feature=49 35 47 39 7 19 18 38 37 4 13 43 2 40
split_gain=273.477 23.7961 18.7553 19.1502 18.6001 17.0713 15.1038 13.0846 12.6148 12.4923 12.4145 12.3568 11.7664 21.8363
threshold=0.093266586136931076 -0.05643347943816162 -0.14744227874684082 0.091287241497250718 -0.048443128173234949 -0.059551660892417091 -0.10371281108948356 -0.034080184665080018 0.046887165408536782 -0.03820913533404674 0.16354762416825572 0.048336923404054745 200.50000000000003 0.051434584978105956
decision_type=2 2 2 2 2 2 2 2 2 2 2 2 2 2
left_child=1 10 3 5 8 -2 7 -4 9 -5 -1 -6 13 -8
right_child=2 -3 6 4 11 -7 12 -9 -10 -11 -12 -13 -14 -15
leaf_value=0.053770619188885871 -0.14050277403803565 -0.095828756120285449 0.0038443718623121432 -0.081316668066805042 -0.039643487552557831 0.039602835351260524 0.022614131586111738 -0.06992248142852002 0.031991167029934299 0.04675437561386863 -0.094556670441073923 -0.13826757364154116 0.039106293258430361 -0.0072714564017507602
leaf_weight=4.2848603278398505 1.4256251454353357 70.742048099637032 20.419812515378002 7.2724670171737671 6.9048165678977949 17.060740664601326 270.88678506016731 8.5195153057575208 9.9699346274137479 2.5793747901916522 2.1030452251434326 5.8811698704957962 64.537545084953308 78.931579619646072
leaf_count=24 7 321 107 36 35 93 1467 41 53 14 10 27 349 427
internal_value=8.32506e-05 -0.0874833 0.0137445 -0.0149407 -0.0379889 0.0257135 0.0170508 -0.017872 -0.00765955 -0.0477856 0.00493787 -0.0850076 0.0194899 0.0158709
internal_weight=571.519 77.13 494.389 51.0941 32.6078 18.4864 443.295 28.9393 19.8218 9.85184 6.38791 12.786 414.356 349.818
internal_count=3011 355 2656 265 165 100 2391 148 103 50 34 62 2243 1894
is_linear=0
shrinkage=0.05


Tree=4
num_leaves=15
num_cat=0
split_feature=49 35 43 31 35 30 29 40 31 7 11 3 20 39
split_gain=240.945 20.1755 17.5041 16.804 16.331 15.1942 14.1367 12.6842 18.8414 14.3433 13.3529 11.9411 15.4991 17.1527
threshold=0.093266586136931076 -0.05643347943816162 0.072432813391384923 -0.21881270953524129 -0.18193383272191799 -0.19843887179660161 -0.04445548755871561 -0.032061779614603228 -0.039656780544152372 -0.093149944034950957 -0.10362562204437102 1433.5000000000002 -0.15609491418698818 0.15135255410665741
decision_type=2 2 2 2 2 2 2 2 2 2 2 2 2 2
left_child=1 -1 3 4 -2 7 -6 -4 9 10 -9 12 13 -5
right_child=2 -3 5 11 6 -7 -8 8 -10 -11 -12 -13 -14 -15
leaf_value=0.0047801349136182072 -0.2071765327895656 -0.088202973072092974 0.016493716017563172 -0.14179051994772671 -0.14670490712949227 0.034533427315757453 0.0020424556085704391 -0.18655620782539328 -0.0031227958187431196 -0.10837928210045533 0.013440717832834549 0.054477970546677225 0.017728915503175256 0.065913604410552065
leaf_weight=6.3409317731857291 1.281579554080962 72.95418781042099 13.925044819712637 3.0922338813543311 1.873743787407874 14.193632081151007 10.827014133334158 0.98015576601028431 17.877472341060642 11.749075517058367 5.619354888796809 22.035169497132301 385.68378613889217 1.4648744463920591
leaf_count=34 7 321 75 16 10 77 58 5 96 59 30 121 2094 8
internal_value=9.97723e-05 -0.0807675 0.0131702 0.0168396 -0.0370673 -0.0111381 -0.0199023 -0.024064 -0.0396541 -0.0752473 -0.0162627 0.0186678 0.0166458 -0.0750244
internal_weight=569.898 79.2951 490.603 426.258 13.9823 64.3447 12.7008 50.1511 36.2261 18.3486 6.59951 412.276 390.241 4.55711
internal_count=3011 355 2656 2314 75 342 68 265 190 94 35 2239 2118 24
is_linear=0
shrinkage=0.05


Tree=5
num_leaves=15
num_cat=0
split_feature=49 35 47 39 19 7 42 22 28 23 36 48 43 2
split_gain=213.332 17.3559 16.3177 16.3772 15.0759 14.9745 14.5633 11.6324 14.701 11.7496 14.8931 12.0704 11.5806 11.5787
threshold=0.093266586136931076 -0.05643347943816162 -0.14744227874684082 0.091287241497250718 -0.059551660892417091 -0.048443128173234949 0.027410957788034332 0.19668183357308736 -0.033690921137273726 -0.02736085808447385 -0.22827140764334991 -0.14301966541407354 0.10646450292629386 108.50000000000001
decision_type=2 2 2 2 2 2 2 2 2 2 2 2 2 2
left_child=1 -1 3 4 -2 -5 7 -4 9 -9 -11 -12 -10 -7
right_child=2 -3 6 5 -6 13 -8 8 12 10 11 -13 -14 -15
leaf_value=0.004551883561197758 -0.12768327418111003 -0.081696922696382235 0.022506156392521934 -0.0074493898894786919 0.03793805210927613 -0.11299273106393731 -0.0049686681899464439 0.045048479145470943 0.027363105306749888 0.01423943416157589 0.066525526783742697 -0.147481328086456 -0.12768741078314738 -0.017065911085714258
leaf_weight=6.3263354003429404 1.4983480274677301 74.775647804141045 333.82333390414715 19.794239297509193 16.557572767138481 8.1727345883846265 71.009816333651543 2.3862195909023276 18.207293927669529 2.9125583618879309 0.74668280780315299 5.6029866486787832 1.2895650416612614 5.1142221689224234
leaf_count=34 7 321 1834 103 93 37 387 13 100 16 4 30 7 25
internal_value=0.000113724 -0.0749691 0.0126146 -0.0141061 0.0241942 -0.0350106 0.0157487 0.0197796 -0.00944434 -0.0538865 -0.079375 -0.122315 0.0171077 -0.07607
internal_weight=568.218 81.102 487.116 51.1371 18.0559 33.0812 435.978 364.969 31.1453 11.6484 9.26223 6.34967 19.4969 13.287
internal_count=3011 355 2656 265 100 165 2391 2004 170 63 50 34 107 62
is_linear=0
shrinkage=0.05


Tree=6
num_leaves=15
num_cat=0
split_feature=49 26 43 31 30 49 40 35 31 38 36 7 29 50
split_gain=189.691 15.6078 15.1846 15.3045 13.2688 20.7173 15.7366 12.9953 12.1699 12.0413 11.9113 12.9657 11.77 11.4194
threshold=0.093266586136931076 0.025675226687943743 0.072432813391384923 -0.21881270953524129 -0.26153028472451362 0.34507434060970815 0.051434584978105956 -0.18193383272191799 -0.13877593020964499 -0.11250921261207412 -0.17738409237719863 -0.091478020888058384 -0.04445548755871561 0.26250913633567668
decision_type=2 2 2 2 2 2 2 2 2 2 2 2 2 2
left_child=1 8 3 7 5 -4 10 -2 -1 -10 11 -7 -9 -5
right_child=2 -3 4 13 -6 6 -8 12 9 -11 -12 -13 -14 -15
leaf_value=-0.10134879112133369 -0.17995218220546927 0.051573120584094218 0.0018585805491653708 0.018012980311384787 0.01570634977959718 0.065226408071006145 -0.13090807774677279 -0.13113187527535841 -0.033009543477180679 -0.080928818805960867 0.030741040720699143 -0.13405223548239464 0.0010880991838836101 -0.087232729626463557
leaf_weight=26.716260954737663 1.4043636620044697 2.5615903288125983 21.305239960551262 402.4833595007658 27.579917997121811 1.0734824538230885 6.8263874202966681 1.9966932386159886 23.275105774402618 30.016334667801857 4.2235287874937049 3.4061346501111984 10.718582004308699 2.5939696580171576
leaf_count=111 7 13 113 2225 150 6 33 10 102 129 23 17 58 14
internal_value=0.000123856 -0.0699175 0.0120823 0.0155554 -0.0105193 -0.0301557 -0.0740765 -0.035616 -0.0738072 -0.06 -0.0295002 -0.0862977 -0.0196745 0.017339
internal_weight=566.181 82.5693 483.612 419.197 64.4147 36.8348 15.5295 14.1196 80.0077 53.2914 8.70315 4.47962 12.7153 405.077
internal_count=3011 355 2656 2314 342 192 79 75 342 231 46 23 68 2239
is_linear=0
shrinkage=0.05


Tree=7
num_leaves=15
num_cat=0
split_feature=49 2 40 20 48 23 4 33 19 35 42 4 18 9
split_gain=169.264 14.7598 17.9712 18.9463 15.6423 16.0385 15.3177 14.8917 14.4841 14.3678 13.2287 15.1302 14.168 12.2141
threshold=0.093266586136931076 336.50000000000006 0.028056547089682908 -0.15609491418698818 -1.0000000180025095e-35 0.11664287475765682 -0.041812531813223398 0.36859880608382195 -0.22027060121438835 -0.05643347943816162 0.044022607318638718 -0.02684145337680444 -0.15135309609288181 0.027097053548523698
decision_type=2 2 2 2 2 2 2 2 2 2 2 2 2 2
left_child=9 2 3 -2 5 7 -7 -4 -5 -1 11 12 -10 -8
right_child=1 -3 4 8 -6 6 13 -9 10 -11 -12 -13 -14 -15
leaf_value=0.006384416561536552 -0.13974302338704092 0.047777769771586619 -0.0053257008889539825 -0.20315432109492129 0.01440926558570379 -0.13044404095602924 0.047756269622015811 -0.094631579460765586 -0.086558434818277685 -0.071442614669342083 -0.011393507322543319 0.037122004695528475 0.01467300547533474 -0.212396618464752
leaf_weight=6.4229325354099265 1.9245841503143299 26.584208160638809 76.601159960031509 0.74088835716247459 64.832987427711487 5.7255011349916458 2.7452303171157824 4.9708493351936331 3.5339797884225836 77.303960382938385 33.490747228264809 101.23484468460083 157.36558650434017 0.53990863263607014
leaf_count=34 10 152 414 4 356 29 15 27 18 321 183 567 878 3
internal_value=0.000131001 0.0115673 0.00944563 0.0166285 -0.00434055 -0.0177604 -0.0810631 -0.0107678 0.017644 -0.0654723 0.0181973 0.0219779 0.0124496 0.00500046
internal_weight=564.017 480.29 453.706 298.291 155.416 90.5826 9.01064 81.572 296.366 83.7269 295.625 262.134 160.9 3.28514
internal_count=3011 2656 2504 1660 844 488 47 441 1650 355 1646 1463 896 18
is_linear=0
shrinkage=0.05


Tree=8
num_leaves=15
num_cat=0
split_feature=49 47 39 19 26 18 37 4 26 10 35 7 8 28
split_gain=151.48 14.0939 13.9807 13.5284 13.2998 13.0964 12.4973 13.2562 11.5404 11.1155 12.2869 11.0637 11 10.6805
threshold=0.093266586136931076 -0.14744227874684082 0.091287241497250718 -0.059551660892417091 0.025675226687943743 -0.10371281108948356 0.046887165408536782 -0.033844938783862751 -0.11043191100293022 0.080812223758823146 0.032223292478160616 -1.0000000180025095e-35 0.043922004501551697 -0.064871667542668376
decision_type=2 2 2 2 2 2 2 2 2 2 2 2 2 2
left_child=4 2 3 -2 9 8 7 -4 -3 -1 -11 -8 -9 -7
right_child=1 5 6 -5 -6 13 11 12 -10 10 -12 -13 -14 -15
leaf_value=-0.070236811542529642 -0.11864479489515996 -0.10544045296951135 -0.083219386690447053 0.036039574577472609 0.051390423779037998 -0.0020719474806082379 0.028622331162692777 0.043461161913028436 -0.0070055685358048668 0.051617189143248948 -0.095631729125176923 -0.076680660088897956 -0.14988067318844911 0.02003233876292549
leaf_weight=75.922034248709679 1.5507361888885522 3.3745394796133068 14.375918313860891 15.970741450786589 2.5308033078908911 65.407623901963234 10.512740075588225 4.2742817401886013 25.311372190713882 3.9975485056638709 2.1943580657243729 3.270312011241912 0.88860522210597981 332.2172005623579
leaf_count=314 7 16 66 93 13 359 57 23 132 19 9 15 4 1884
internal_value=0.000139568 0.0110748 -0.0138082 0.0223493 -0.0615038 0.0140424 -0.0328207 -0.0585386 -0.0185852 -0.0649832 -0.000566552 0.00363704 0.0101843 0.0163963
internal_weight=561.799 477.154 50.8433 17.5215 84.6447 426.311 33.3219 19.5388 28.6859 82.1139 6.19191 13.7831 5.16289 397.625
internal_count=3011 2656 265 100 355 2391 165 93 148 342 28 72 27 2243
is_linear=0
shrinkage=0.05


Tree=9
num_leaves=15
num_cat=0
split_feature=49 35 2 40 20 48 42 4 23 4 33 18 12 16
split_gain=136.022 15.7333 13.5569 14.961 16.1794 12.9381 12.7197 12.7328 12.6253 14.3526 13.1151 11.7182 11.6695 13.0476
threshold=0.10432228060762601 -0.05643347943816162 336.50000000000006 0.028056547089682908 -0.15609491418698818 -1.0000000180025095e-35 0.044022607318638718 -0.02684145337680444 0.11664287475765682 -0.041812531813223398 0.36859880608382195 -0.15135309609288181 -0.15545804012021602 -0.15733168214964496
decision_type=2 2 2 2 2 2 2 2 2 2 2 2 2 2
left_child=1 -1 3 4 -2 8 7 11 10 -10 -5 -6 -13 -14
right_child=2 -3 -4 5 6 -7 -8 -9 9 -11 -12 12 13 -15
leaf_value=0.010632384220700206 -0.12480489093553902 -0.06374442858658054 0.046215515611464926 -0.0045513937215849098 -0.076408524266707717 0.01345599433405946 -0.012576632134090488 0.034211754598479291 -0.11658764574590484 0.016408309855420848 -0.086808371653196381 0.01694996761349471 0.06442902096632884 -0.073382753150159241
leaf_weight=7.8067093193531027 2.0443943589925757 79.700409427285194 25.511421799659729 75.9183539301157 3.7154215127229682 63.055895760655403 33.615032464265823 98.824791446328163 6.0409688502550125 3.0541951358318311 5.1762050241231909 145.21791495382786 2.2573753744363785 7.1813852638006193
leaf_count=42 10 325 151 412 18 351 184 569 29 17 27 823 13 40
internal_value=0.000143162 -0.0571091 0.0107662 0.00873898 0.0153627 -0.00391907 0.016348 0.0201284 -0.0160668 -0.071927 -0.0098018 0.0113404 0.0134484 -0.0404237
internal_weight=559.12 87.5071 471.613 446.102 292.856 153.246 290.812 257.197 90.1897 9.09516 81.0946 158.372 154.657 9.43876
internal_count=3011 367 2644 2493 1657 836 1647 1463 485 46 439 894 876 53
is_linear=0
shrinkage=0.05


Tree=10
num_leaves=15
num_cat=0
split_feature=49 35 43 31 30 35 2 13 49 12 13 29 29 40
split_gain=122.304 13.9951 12.8527 13.311 11.6074 11.0165 10.354 14.0541 13.762 11.3666 9.95379 9.81173 9.67848 9.60266
threshold=0.10432228060762601 -0.05643347943816162 0.072432813391384923 -0.21881270953524129 -0.19843887179660161 -0.18193383272191799 54.500000000000007 0.0982205556366577 0.40577184542669614 -0.36179305940511192 0.16354762416825572 -0.04445548755871561 0.059339358801842823 -0.032061779614603228
decision_type=2 2 2 2 2 2 2 2 2 2 2 2 2 2
left_child=1 -1 3 5 13 -2 7 -5 10 -10 -9 -7 -13 -4
right_child=2 -3 4 6 -6 11 -8 8 9 -11 -12 12 -14 -15
leaf_value=0.010153573353841705 -0.16253915316032996 -0.060135779663753101 0.014604183771644803 0.064442198137727516 0.031007541271599812 -0.11749462081406847 0.016846891424815307 -0.16265483322130495 0.064207265892356785 -0.15673566160876973 0.023117058855670957 0.028247999562806908 -0.081650318016947318 -0.034693314060240253
leaf_weight=7.7671419084072104 1.4898436069488514 80.243859335780144 13.481589823961256 3.125079631805419 13.289555013179777 2.1050036698579779 377.36452105641365 0.84928259253501703 0.68856361508369435 3.7654265612363815 4.7757344245910645 7.975041985511778 2.6754897683858871 36.959278374910355
leaf_count=42 7 325 75 18 76 10 2155 4 4 20 27 44 14 190
internal_value=0.000148238 -0.0539326 0.0103067 0.0135925 -0.0105644 -0.0338819 0.0153241 -0.0281972 -0.0569208 -0.122579 -0.00493136 -0.0188547 0.000640756 -0.0215173
internal_weight=556.555 88.011 468.544 404.814 63.7304 14.2454 390.569 13.2041 10.079 4.45399 5.62502 12.7555 10.6505 50.4409
internal_count=3011 367 2644 2303 341 75 2228 73 55 24 31 68 58 265
is_linear=0
shrinkage=0.05


Tree=11
num_leaves=15
num_cat=0
split_feature=49 3 20 39 31 40 19 22 27 42 4 16 12 39
split_gain=110.158 12.7319 12.8306 13.4162 12.6135 12.0714 17.7297 13.1755 14.5276 12.6661 13.0397 12.9468 12.4277 11.8268
threshold=0.10432228060762601 1433.5000000000002 -0.15609491418698818 0.15135255410665741 -0.13877593020964499 0.051434584978105956 0.11915788697712888 -0.02751376885623872 0.020498719459079929 0.044022607318638718 -0.02684145337680444 -0.1659956693951396 -0.15545804012021602 0.26538381192247457
decision_type=2 2 2 2 2 2 2 2 2 2 2 2 2 2
left_child=4 2 3 -2 -1 9 7 -7 13 10 11 -4 -13 -9
right_child=1 -3 5 -5 -6 6 -8 8 -10 -11 -12 12 -14 -15
leaf_value=-0.078849852458614575 -0.11565552696296842 0.047026184647139105 0.035238450471967185 0.064708374716885522 -0.038203126491075018 -0.055873640278917516 0.032818630533426679 -0.034370599532496167 0.0050912293609886913 -0.013137993402723386 0.031925261992301127 0.0060327394638392184 -0.056498682308612047 -0.20208300353027206
leaf_weight=27.893956363201141 3.9718010425567618 21.959825038909912 37.654922962188721 1.392498046159744 60.447820320725441 15.400217339396475 26.23596054315567 18.124183312058452 68.283386692404747 36.956388548016548 104.45524707436562 121.54947617650032 8.5015146285295469 1.1159012168645848
leaf_count=112 19 135 218 8 255 83 148 96 374 202 616 693 46 6
internal_value=0.000150825 0.00986311 0.00802358 -0.0688355 -0.0510373 0.0089643 -0.003873 -0.0132259 -0.00572186 0.0143281 0.0180577 0.00942038 0.00194502 -0.0440977
internal_weight=553.943 465.601 443.641 5.3643 88.3418 438.277 129.16 102.924 87.5235 309.118 272.161 167.706 130.051 19.2401
internal_count=3011 2644 2509 27 367 2482 707 559 476 1775 1573 957 739 102
is_linear=0
shrinkage=0.05


Tree=12
num_leaves=15
num_cat=0
split_feature=49 35 2 40 20 19 14 0 48 35 6 37 9 22
split_gain=99.2792 12.4106 12.0177 12.1447 13.8845 12.8388 12.4922 13.4227 11.3673 11.2624 14.0499 12.8166 11.6491 15.7016
threshold=0.10432228060762601 -0.05643347943816162 336.50000000000006 0.028056547089682908 -0.067782238818355198 -0.22027060121438835 0.13401279298372312 2.9676002093813341 -1.0000000180025095e-35 -0.13365975063957422 -0.29803898304475768 0.032207844316918997 -0.053653852363336869 0.032427275538823318
decision_type=2 2 2 2 2 2 2 2 2 2 2 2 2 2
left_child=1 -1 3 4 6 -6 7 -2 9 -5 -11 12 13 -12
right_child=2 -3 -4 8 5 -7 -8 -9 -10 10 11 -13 -14 -15
leaf_value=0.011570916643874244 -0.11726783545874464 -0.054169295695146814 0.043853293744994797 0.011196305171189934 -0.18561228686338033 0.016811872995570867 0.023544774371367164 0.0084385844672009505 0.012619210602153803 0.047796896736580288 -0.1320583768343376 -0.016711130102872493 -0.10066693764317305 0.014965108426735008
leaf_weight=7.8796465694904319 5.6615710407495481 80.749929070472717 24.050768360495567 28.052371457219124 0.78560057282447715 270.09566496312618 5.8644224256277075 3.3981549143791199 62.301124945282936 5.7148242592811576 2.4863897413015383 36.473710954189301 11.131087660789488 6.7350830882787704
leaf_count=42 30 325 151 150 4 1571 33 19 351 32 13 198 55 37
internal_value=0.000154812 -0.0483246 0.00943997 0.00755333 0.0136381 0.0162248 -0.033313 -0.0701174 -0.00382082 -0.0151266 -0.0269336 -0.034449 -0.0662369 -0.0246769
internal_weight=551.38 88.6296 462.751 438.7 285.805 270.881 14.9241 9.05973 152.895 90.5935 62.5411 56.8263 20.3526 9.22147
internal_count=3011 367 2644 2493 1657 1575 82 49 836 485 335 303 105 50
is_linear=0
shrinkage=0.05


Tree=13
num_leaves=15
num_cat=0
split_feature=49 47 39 19 31 28 33 21 33 15 38 26 10 51
split_gain=89.6714 11.9181 12.4689 12.8779 11.47 10.8271 15.1462 12.3139 13.465 11.4197 10.3401 14.9291 10.123 11.6765
threshold=0.10432228060762601 -0.15463625364710434 0.076819023245762216 -0.059551660892417091 -0.13877593020964499 -0.064871667542668376 0.35938822595490488 0.060097742895219901 0.19553895377356037 -0.037608983583584721 0.077115831151588862 -0.040893083887887365 0.050580261408343423 -0.047245647401170536
decision_type=2 2 2 2 2 2 2 2 2 2 2 2 2 2
left_child=4 2 3 -2 -1 6 7 -3 -9 -8 11 -6 13 -4
right_child=1 5 12 -5 10 -7 9 8 -10 -11 -12 -13 -14 -15
leaf_value=-0.072475568812878824 -0.1315318220897651 0.014356389788355104 0.020320839799439265 0.041867427132037713 -0.044443270994027714 0.015372184974400944 -0.0013638086468114317 0.012644506922093977 -0.079549930773153046 -0.13197265490273369 -0.068359465432390618 0.014664398129183367 0.01593516383583924 -0.064675383790712596
leaf_weight=27.81883405148983 1.1762191057205189 46.898327752947807 5.0777229368686667 11.941685780882834 27.473884940147396 343.85701031982899 2.8980018049478531 7.4228022396564475 8.4903033673763257 3.9611837416887274 15.912677139043806 17.479505673050884 8.4845318347215635 19.784214287996296
leaf_count=112 5 264 26 74 113 2011 16 41 46 20 64 78 45 96
internal_value=0.00015725 0.00903266 -0.0149772 0.0263196 -0.0458778 0.0117304 -0.00624331 0.00146065 -0.0365451 -0.0767905 -0.0337213 -0.0214601 -0.0312227 -0.047316
internal_weight=548.677 459.992 46.4644 13.1179 88.6849 413.528 69.6706 62.8114 15.9131 6.85919 60.8661 44.9534 33.3465 24.8619
internal_count=3011 2644 246 79 367 2398 387 351 87 36 255 191 167 122
is_linear=0
shrinkage=0.05


Tree=14
num_leaves=15
num_cat=0
split_feature=49 3 7 18 17 3 28 2 16 32 34 16 33 21
split_gain=81.1132 11.2259 11.5874 14.5753 15.493 13.1329 12.2342 11.9079 12.3372 11.6607 13.0809 11.1617 11.1181 11.0676
threshold=0.10432228060762601 1433.5000000000002 -0.041451379505190102 -0.088561616238174504 0.32195283152211152 590.50000000000011 -0.098294852497893881 54.500000000000007 0.13694156164517202 0.18831809153057 -0.090212849974024026 -0.30208565398047721 0.15602258626413115 0.061546076640607933
decision_type=2 2 2 2 2 2 2 2 2 2 2 2 2 2
left_child=-1 2 6 12 5 9 13 -8 -9 -5 -11 -6 -4 -2
right_child=1 -3 3 4 11 -7 7 8 -10 10 -12 -13 -14 -15
leaf_value=-0.043633039906225829 0.0015292856149846596 0.044701941994382016 -0.10132699874854684 -0.014088486550846241 -0.19387208763472977 0.01930598759224772 -0.060428650767518001 0.01916475595226326 -0.054354420183146658 -0.11207855518924495 0.014054408074397895 0.028415110416388542 -0.015547876616385259 -0.069078882162074931
leaf_weight=88.587161868810654 18.469976440072063 20.608995512127876 6.3090531677007666 53.354534983634949 0.57229885458946128 25.429495379328728 4.9972060918807975 251.894690990448 5.8385855853557578 6.7502516806125641 2.9554887861013395 42.715321928262711 9.4143005311489087 7.93381343781948
leaf_count=367 103 135 31 300 3 147 27 1477 33 33 17 248 49 41
internal_value=0.000156988 0.00864094 0.00693887 -0.0044651 0.000964079 -0.0110269 0.0127566 0.0160171 0.0174993 -0.0232588 -0.0736699 0.0254763 -0.0499671 -0.0196871
internal_weight=545.831 457.244 436.635 147.501 131.777 88.4898 289.134 262.73 257.733 63.0603 9.70574 43.2876 15.7234 26.4038
internal_count=3011 2644 2509 828 748 497 1681 1537 1510 350 50 251 80 144
is_linear=0
shrinkage=0.05


Tree=15
num_leaves=15
num_cat=0
split_feature=49 3 7 18 17 49 24 8 3 41 13 13 32 44
split_gain=73.3431 10.8483 11.3471 13.9794 14.0536 12.0992 11.9129 14.6228 11.5206 11.6933 12.225 11.7386 11.5191 10.7182
threshold=0.093266586136931076 1433.5000000000002 -0.041451379505190102 -0.10292999385725694 0.30505233806055493 0.49456806249728952 -0.050965234904147241 0.034374069654241432 250.50000000000003 -0.061911629967189061 0.17399534971697939 0.0944912948023411 0.18831809153057 -0.051164582494307796
decision_type=2 2 2 2 2 2 2 2 2 2 2 2 2 2
left_child=-1 2 6 -4 5 12 7 13 9 -8 11 -11 -5 -2
right_child=1 -3 3 4 -6 -7 8 -9 -10 10 -12 -13 -14 -15
leaf_value=-0.042105343086593333 -0.17170313337114942 0.043939288295595791 -0.054438582445920737 0.00010346729339319099 0.020378438475173913 -0.090158741524891506 0.032078229183654848 -0.23051986836962715 0.017538051275876928 0.06331686615344316 0.031854204983719346 -0.10789593165174607 -0.052975381038455963 -0.0069310671057327307
leaf_weight=86.332120522856712 1.0556876063346923 20.231625854969025 12.920720532536505 66.574590906500816 52.056967109441757 4.7575128227472296 6.0472945123910931 0.84907963871955772 253.54364773631096 1.1590298861265163 3.0680186897516242 7.3478925228118896 12.075497657060621 15.157814159989355
leaf_count=355 6 136 63 376 304 26 35 5 1491 7 18 40 63 86
internal_value=0.000159299 0.00814624 0.00648767 -0.00474638 -6.69891e-06 -0.0127296 0.0122712 -0.0282521 0.014821 -0.0242708 -0.0537102 -0.084569 -0.00804596 -0.0176596
internal_weight=543.178 456.845 436.614 148.385 135.465 83.4076 288.228 17.0626 271.166 17.6222 11.5749 8.50692 78.6501 16.2135
internal_count=3011 2656 2520 832 769 465 1688 97 1591 100 65 47 439 92
is_linear=0
shrinkage=0.05


Tree=16
num_leaves=15
num_cat=0
split_feature=49 31 43 31 35 22 2 29 30 49 15 12 50 13
split_gain=66.3351 10.9204 10.6041 10.6889 10.0358 15.9363 9.88702 10.1272 9.79086 15.2041 10.8037 10.0971 9.52914 10.7336
threshold=0.10432228060762601 -0.2123004838874625 0.072432813391384923 -0.21881270953524129 0.032223292478160616 0.024261316820982221 73.500000000000014 -0.04445548755871561 -0.26153028472451362 0.34507434060970815 0.17383236532621846 -0.35535090000145869 0.26250913633567668 0.049992278982513544
decision_type=2 2 2 2 2 2 2 2 2 2 2 2 2 2
left_child=1 -1 3 6 5 -3 -2 -8 9 -4 11 -11 -5 -14
right_child=2 4 8 12 -6 -7 7 -9 -10 10 -12 -13 13 -15
leaf_value=-0.066824486576484862 0.066355007573944927 -0.030272449453862999 0.00029638807346823998 0.013277216186480019 -0.071196627402663276 0.048795786555398846 -0.14487934013120199 -0.027264573660537195 0.012207159684192061 0.06696868432542151 0.065665650736934797 -0.090086051493998912 0.064084713103790061 -0.15136214060090525
leaf_weight=25.749823018908501 2.1955960243940345 44.251683428883553 20.67621323466301 372.49126486480236 11.145430535078047 7.4448318928480139 2.243002012372016 9.9455369710922223 26.062736466526985 1.1090502887964238 1.4408776760101307 13.24714647233486 0.85300120711326544 1.7938478887081144
leaf_count=105 12 182 113 2214 45 35 10 53 149 6 8 65 5 9
internal_value=0.000161977 -0.0394006 0.00791522 0.0109836 -0.0281635 -0.0188858 -0.0313148 -0.0489087 -0.011197 -0.0279209 -0.0648535 -0.0779532 0.0126055 -0.08193
internal_weight=540.65 88.5918 452.058 389.522 62.8419 51.6965 14.3841 12.1885 62.536 36.4733 15.7971 14.3562 375.138 2.64685
internal_count=3011 367 2644 2303 262 217 75 63 341 192 79 71 2228 14
is_linear=0
shrinkage=0.05


Tree=17
num_leaves=15
num_cat=0
split_feature=49 47 4 39 13 4 31 28 2 24 51 20 49 7
split_gain=60.1646 10.2819 16.1375 18.5438 17.187 11.7249 10.1079 9.56439 13.029 13.5662 14.6756 11.2968 10.0419 12.9359
threshold=0.10432228060762601 -0.10721158546672081 -0.037267826583801497 0.095316272675214628 0.11120892205409416 -0.047351461649018961 -0.2123004838874625 -0.064871667542668376 157.50000000000003 -0.048224380022217773 0.067324495726276093 -0.070179327776946521 0.31132992413837751 0.039633592142310207
decision_type=2 2 2 2 2 2 2 2 2 2 2 2 2 2
left_child=6 2 3 -2 -5 -6 -1 8 9 10 -3 -11 -13 -14
right_child=1 7 -4 4 5 -7 -8 -9 -10 11 -12 12 13 -15
leaf_value=-0.064144729590551883 0.017964005320362065 0.0083932607939946335 0.021586448049932053 -0.090441391104437732 -0.0082018721959993667 -0.11037304879703003 -0.026805472614124654 0.015099604789714217 0.027026801964995545 -0.11017624583941775 -0.18135099636811661 -0.04602942579608215 0.023835061099615633 -0.097899497250302239
leaf_weight=25.490803793072701 18.894697323441505 1.6820484399795521 31.164081394672394 12.613114550709723 24.377525642514229 3.1735245734453228 62.721545726060867 296.84082882106304 19.871238678693771 2.7530564218759528 2.5854140073060989 10.534145727753637 22.700332760810856 2.4143808037042609
leaf_count=105 112 9 185 62 131 15 262 1788 116 14 13 57 129 13
internal_value=0.000159506 0.00756702 -0.00752374 -0.0228846 -0.0421012 -0.0199707 -0.0375954 0.0113556 -0.00641501 -0.0219889 -0.106562 -0.0125906 -0.0050544 0.0121322
internal_weight=537.817 449.604 90.2229 59.0589 40.1642 27.5511 88.2123 359.381 62.5406 42.6694 4.26746 38.4019 35.6489 25.1147
internal_count=3011 2644 505 320 208 146 367 2139 351 235 22 213 199 142
is_linear=0
shrinkage=0.05


Tree=18
num_leaves=15
num_cat=0
split_feature=49 2 40 20 12 18 49 26 19 35 28 23 46 46
split_gain=54.7239 11.2789 12.162 11.4167 11.9254 13.203 11.9762 11.991 11.0685 9.91529 11.8373 11.001 10.4458 9.64804
threshold=0.064746031227456216 336.50000000000006 0.028056547089682908 -0.028712670315740211 -0.21414577973396764 -0.05555575401499431 0.28995507586733466 -0.037397989331160224 -0.22027060121438835 -0.15671222516575775 0.11094952373167111 0.11984431963757743 0.11077014598345603 -1.0000000180025095e-35
decision_type=2 2 2 2 2 2 2 2 2 2 2 2 2 2
left_child=-1 2 3 4 5 -2 -6 -8 -5 10 -4 12 -11 -9
right_child=1 -3 9 8 6 -7 7 13 -10 11 -12 -13 -14 -15
leaf_value=-0.037933287561579432 -0.087985714828437353 0.040700050251447725 0.026437239448456912 -0.16595452455048723 0.018423440075169519 0.017892257159203458 -0.19113338504058244 0.063227904564074733 0.015828714519989743 -0.012065465338135656 -0.049208280886306216 -0.057059219409839927 0.057495410480500324 -0.097055441530163322
leaf_weight=80.156363651156425 3.4143850952386883 23.374785542488098 34.461708679795265 0.84030380845069785 3.2364493608474714 21.391770899295807 2.3084243834018707 1.3107361197471616 240.5828024148941 95.896521747112274 6.0847489535808554 12.964272543787954 5.7188543528318396 3.3091942369937897
leaf_count=331 17 159 197 4 19 127 12 8 1457 532 31 66 33 18
internal_value=0.000159904 0.00687225 0.00503985 0.0113284 -0.0153716 0.00331893 -0.060984 -0.0980777 0.015196 -0.00616471 0.0150852 -0.0136845 -0.00815062 -0.0515809
internal_weight=535.051 454.895 431.52 276.394 34.971 24.8062 10.1648 6.92835 241.423 155.126 40.5465 114.58 101.615 4.61993
internal_count=3011 2680 2521 1662 201 144 57 38 1461 859 228 631 565 26
is_linear=0
shrinkage=0.05


Tree=19
num_leaves=15
num_cat=0
split_feature=49 31 38 26 47 4 39 13 4 42 23 23 27 34
split_gain=49.6626 9.48664 9.27725 13.0544 9.25852 14.5526 16.2396 14.499 10.0189 9.36363 10.0991 11.7151 11.2171 10.7273
threshold=0.10432228060762601 -0.13877593020964499 0.077115831151588862 -0.040893083887887365 -0.10721158546672081 -0.037267826583801497 0.095316272675214628 0.11120892205409416 -0.047351461649018961 0.073771316191843767 0.11866705165718379 -0.14559825733878784 -1.0000000180025095e-35 -0.17785116356186079
decision_type=2 2 2 2 2 2 2 2 2 2 2 2 2 2
left_child=1 -1 3 -3 5 6 -2 -8 -9 -6 11 -11 -13 -14
right_child=4 2 -4 -5 9 -7 7 8 -10 10 -12 12 13 -15
leaf_value=-0.059111144997666523 0.016831838150474922 -0.033429632529332239 -0.056427454725528306 0.021572047465077404 0.012857548557291593 0.020559234816634242 -0.083228679105029957 -0.0081029238157042886 -0.10128900528350596 -0.10942947346660846 -0.1147765993948142 -0.096564712755748669 -0.070222046313454023 0.033550492426181945
leaf_weight=26.667977213859558 18.579284474253654 27.510821565985676 15.738087415695189 17.747780516743664 328.88564915955067 30.655187204480171 12.964915052056311 24.358677804470062 3.2718636840581921 2.551889702677733 2.4539331197738639 2.4528411775827506 2.9578333050012686 15.758091822266563
leaf_count=112 112 113 64 78 1991 185 62 131 15 14 13 14 17 90
internal_value=0.00016105 -0.0342356 -0.02336 -0.0118612 0.00693884 -0.00740135 -0.0218862 -0.0396062 -0.0191375 0.0105669 -0.0182153 -0.00822588 0.00397419 0.0171505
internal_weight=532.555 87.6647 60.9967 45.2586 444.89 89.8299 59.1747 40.5955 27.6305 355.06 26.1746 23.7207 21.1688 18.7159
internal_count=3011 367 255 191 2644 505 320 208 146 2139 148 135 121 107
is_linear=0
shrinkage=0.05


Tree=20
num_leaves=15
num_cat=0
split_feature=49 18 38 2 40 16 49 30 24 34 40 51 25 12
split_gain=45.3196 11.7966 12.7801 10.6714 13.8522 12.0938 11.2027 11.7133 14.7349 17.3563 11.6913 10.8806 9.81595 9.50495
threshold=0.056364557716528013 -0.10292999385725694 -0.034080184665080018 206.50000000000003 0.051434584978105956 -0.28800978984527897 0.45079187659446252 -0.19733546703168767 0.049029140027410399 -0.085358344765131752 0.1352891655975226 0.17233709476181561 0.069719477625356588 -0.22146419530746528
decision_type=2 2 2 2 2 2 2 2 2 2 2 2 2 2
left_child=-1 2 -2 4 13 -5 7 8 9 -6 -11 -7 -13 -3
right_child=1 3 -4 5 6 11 -8 -9 -10 10 -12 12 -14 -15
leaf_value=-0.035429734881753987 -0.00011585475075854826 0.015544630627964724 -0.063467402541899767 -0.10553214382356087 -0.068658522284078968 0.036658914108699293 -0.069281773097371116 0.024462422479446282 0.016452865061317729 -0.049099346533211387 0.024165662506084085 -0.0061957074523371642 -0.23904432750713944 -0.0094563036227346686
leaf_weight=76.531850084662437 23.652350023388863 218.60325671732426 11.999642029404638 1.6369980126619328 19.604585349559784 54.210851989686489 7.601060062646865 23.189922645688057 21.767282769083977 8.9516497254371661 13.900790110230444 1.4416485130786889 0.6597376912832259 46.020269304513931
leaf_count=319 126 1348 56 8 103 349 41 133 120 49 77 9 4 269
internal_value=0.000158923 0.00616825 -0.0214385 0.0085252 0.00531674 0.0284372 -0.0110595 -0.00599679 -0.0169949 -0.0341432 -0.00453336 0.0323317 -0.0792994 0.0111968
internal_weight=529.772 453.24 35.652 417.588 359.639 57.9492 95.0153 87.4142 64.2243 42.457 22.8524 56.3122 2.10139 264.624
internal_count=3011 2692 182 2510 2140 370 523 482 349 229 126 362 13 1617
is_linear=0
shrinkage=0.05


Tree=21
num_leaves=15
num_cat=0
split_feature=49 2 18 38 37 50 13 28 7 42 30 48 40 31
split_gain=41.1031 10.7712 11.3676 15.9715 10.1157 9.66258 9.21288 8.83701 12.7991 8.82563 9.35003 8.17526 9.29392 12.8946
threshold=0.056364557716528013 336.50000000000006 -0.10292999385725694 -0.034080184665080018 0.11421846338549442 0.26250913633567668 0.049992278982513544 0.17955390336132832 -0.096995238794909275 -0.036711179915442448 -0.42693922371111886 0.062216065915028131 0.028056547089682908 -0.029248057967485006
decision_type=2 2 2 2 2 2 2 2 2 2 2 2 2 2
left_child=-1 2 3 -2 5 7 -7 11 -9 -6 -11 12 -4 -14
right_child=1 -3 4 -5 9 6 -8 8 -10 10 -12 -13 13 -15
leaf_value=-0.033799563247562024 -0.00011005657105558394 0.039643909682487558 0.0089758607171799044 -0.072903335217928064 0.041603284997382466 0.062757278889855314 -0.15971005540696845 0.063568811110877352 -0.10996797272835204 -0.15661442756352278 0.0081481883812287055 0.032282884723737033 -0.026999665208617164 0.0083174354661829097
leaf_weight=76.219865292310715 23.653541266918182 22.469920448958874 199.66058753430843 11.058143123984335 35.066068261861801 0.64287742972373907 1.6854912638664243 1.4848034381866453 3.7359690964221945 0.89608842134475963 22.030208259820938 25.257621049880981 52.139160856604576 51.248812764883041
leaf_count=319 126 160 1233 50 220 4 8 9 19 5 128 154 281 295
internal_value=0.000160431 0.00589936 0.00413009 -0.0232999 0.00654763 0.00321787 -0.0982854 0.00392647 -0.0606136 0.0258315 0.00170834 0.0049528 0.00267497 -0.00949319
internal_weight=527.249 451.029 428.559 34.7117 393.848 335.855 2.32837 333.527 5.22077 57.9924 22.9263 328.306 303.049 103.388
internal_count=3011 2692 2532 176 2356 2003 12 1991 28 353 133 1963 1809 576
is_linear=0
shrinkage=0.05


Tree=22
num_leaves=15
num_cat=0
split_feature=49 31 35 22 47 51 33 42 16 22 19 30 2 26
split_gain=37.3352 8.98644 8.9406 13.2603 8.60738 9.58605 9.63996 9.07776 11.187 10.6035 10.1086 9.51743 14.5349 14.8905
threshold=0.10432228060762601 -0.2123004838874625 0.032223292478160616 0.024261316820982221 0.091166267935427744 0.17040263664233565 0.031364370110139435 0.027410957788034332 -0.12014125816643138 0.30712361675665273 -0.1262418863986409 -0.2599692714941928 195.50000000000003 0.04811261910956504
decision_type=2 2 2 2 2 2 2 2 2 2 2 2 2 2
left_child=1 -1 3 -3 7 6 -6 8 10 11 -2 12 13 -10
right_child=4 2 -4 -5 5 -7 -8 -9 9 -11 -12 -13 -14 -15
leaf_value=-0.05571816026877327 -0.080873898421596341 -0.021557986115278968 -0.060915895732832896 0.050598120282740494 -0.091548012723901173 -0.068127104307904945 0.048710770263317743 -0.01244753966597207 -0.031518582832544696 -0.081543710446981429 0.023991545535487043 0.010156131606277123 0.032566253054398607 0.035890371256868343
leaf_weight=24.224025160074234 2.3529071509838095 43.788205400109291 10.909550979733465 7.4505359679460517 1.2902743965387404 2.1578959077596656 24.235493093729019 67.852091386914253 54.843364387750626 3.7630165964364997 98.616536654531956 158.12772437930107 15.436004854738711 9.6311445087194425
leaf_count=105 13 182 45 35 8 12 152 386 304 22 615 971 105 56
internal_value=0.000160255 -0.0298856 -0.0198166 -0.0110659 0.00608106 0.0330663 0.041621 0.00426175 0.00756938 0.00173237 0.0215478 0.00304883 -0.0110152 -0.0214491
internal_weight=524.679 86.3723 62.1483 51.2387 438.306 27.6837 25.5258 410.623 342.771 241.801 100.969 238.038 79.9105 64.4745
internal_count=3011 367 262 217 2644 172 160 2472 2086 1458 628 1436 465 360
is_linear=0
shrinkage=0.05


Tree=23
num_leaves=15
num_cat=0
split_feature=49 2 22 49 27 16 16 30 48 4 15 30 16 50
split_gain=33.9688 9.795 10.9217 11.6131 9.61032 10.2051 9.70294 9.95283 11.825 9.99809 9.91579 12.3654 11.1793 9.46301
threshold=0.056364557716528013 336.50000000000006 -0.02751376885623872 0.47717935631560643 0.031191047953736152 0.13694156164517202 0.02570427488298405 -0.28002800840280095 -0.081854895406811221 -0.028272991421386732 0.08821634349275799 -0.11117562288817227 -0.27286836292162331 0.26250913633567668
decision_type=2 2 2 2 2 2 2 2 2 2 2 2 2 2
left_child=-1 2 3 -2 5 6 7 8 -4 -10 12 -12 -9 -6
right_child=1 -3 4 -5 13 -7 -8 10 9 -11 11 -13 -14 -15
leaf_value=-0.030906520746426937 -0.015055993430373425 0.03820324055222471 -0.095867836557994468 -0.16997268059123344 0.010574730902993035 -0.14483344214934971 0.063297586223403784 -0.20256771044792665 -0.051047666902828637 0.028909769797769266 -0.0032282876217817761 -0.16838909015736728 0.024754198497709708 -0.088811095120120392
leaf_weight=75.304405733942986 44.973344370722771 21.647040024399757 6.6611592620611217 1.2431775480508793 320.73199394345284 1.4225227832794178 4.2573440223932257 0.5545331090688731 9.0589078664779663 6.8781462311744628 3.4166421592235565 1.6957383602857579 21.906757012009628 2.4131013602018347
leaf_count=319 254 160 34 6 1939 8 26 3 50 42 19 9 130 12
internal_value=0.000159258 0.00539443 0.00372418 -0.0192231 0.00652246 -0.012629 -0.00917378 -0.0153234 -0.0399227 -0.0165395 0.00483722 -0.0580109 0.019142 0.00983256
internal_weight=522.165 446.86 425.213 46.2165 378.997 55.8518 54.4292 50.1719 22.5982 15.9371 27.5737 5.11238 22.4613 323.145
internal_count=3011 2692 2532 260 2272 321 313 287 126 92 161 28 133 1951
is_linear=0
shrinkage=0.05


Tree=24
num_leaves=15
num_cat=0
split_feature=49 35 28 3 12 21 49 25 12 38 43 28 42 22
split_gain=31.5686 16.8344 13.8334 10.0278 20.3423 12.304 14.3384 11.0499 15.9146 12.5464 10.6822 9.99584 9.90705 9.52974
threshold=0.21168188249167666 -0.13187216520192502 0.068843745140715298 608.50000000000011 -0.22146419530746528 0.043058386439158935 0.45913523199550194 0.1215287413085618 -0.20322751775074252 -0.17063553784555069 0.082304383059775235 0.17955390336132832 -0.11898865417961381 0.17093038827302376
decision_type=2 2 2 2 2 2 2 2 2 2 2 2 2 2
left_child=1 -1 -3 4 10 6 7 -6 -9 -10 -2 -5 -7 -12
right_child=3 2 -4 11 5 12 -8 8 9 -11 13 -13 -14 -15
leaf_value=0.026289450068937816 0.012578841059337716 -0.032444349653553105 0.041933161326178643 0.02571421666320875 0.016080683981252387 0.03805224979255975 -0.083842451408427984 -0.22172894401123322 -0.20337632067570088 0.023541313749699356 -0.0069812689903515392 -0.13266041863631259 -0.086608471250205765 -0.084433721462558911
leaf_weight=16.286724478006363 232.53734436631203 106.52265937626362 6.6412810236215583 74.629499129951 25.263988688588146 1.8662345409393299 5.7510610818862906 1.2181811928749082 0.73944579064845983 3.4568905234336849 28.493450999259949 1.0097761303186406 10.91633580625057 4.6146661341190329
leaf_count=98 1440 499 36 477 148 11 30 7 4 20 154 6 58 23
internal_value=0.00015908 -0.021239 -0.0280793 0.00725259 0.00332541 -0.0262022 -0.0113927 0.00218883 -0.0626302 -0.0164443 0.00879554 0.0235999 -0.0684082 -0.0177767
internal_weight=519.948 129.451 113.164 390.497 314.858 49.2121 36.4296 30.6785 5.41452 4.19634 265.645 75.6393 12.7826 33.1081
internal_count=3011 633 535 2378 1895 278 209 179 31 24 1617 483 69 177
is_linear=0
shrinkage=0.05


Tree=25
num_leaves=15
num_cat=0
split_feature=46 18 25 10 41 18 46 49 38 50 51 28 48 29
split_gain=28.7717 14.3812 13.4651 9.93168 9.66942 9.23509 10.761 9.13134 9.0746 8.22266 8.20244 8.13288 8.86839 10.0721
threshold=-0.25402503760263834 -0.10292999385725694 0.078296046509139502 0.077324726457227475 0.11583321662017396 0.085293284207167211 0.087454373481030842 0.28086961980161418 -0.044992196204326977 -0.031250905296534986 -0.03790563578772578 0.21188771209630847 0.082753028410826088 -0.096448760044435547
decision_type=2 2 2 2 2 2 2 2 2 2 2 2 2 2
left_child=-1 2 8 4 11 6 7 -6 9 -2 -10 12 -3 -14
right_child=1 3 -4 -5 5 -7 -8 -9 10 -11 -12 -13 13 -15
leaf_value=-0.043530295517474754 -0.045959433974435103 0.0028711713457634392 -0.057122464787286879 0.021889313906384354 -0.049796027443474222 -0.11811846428981693 -0.24862241336471219 0.044040380345447147 0.063553183598205429 0.04212965015141968 -0.05660960579934872 -0.08582950868212752 -0.10313701527170419 0.048038183490575759
leaf_weight=35.123852297663689 3.3772740960121164 322.60186821967363 18.013817459344864 80.983427442610264 5.667104229331013 2.8834311589598647 0.48151953518390733 4.7787497043609619 1.6960880905389775 12.287800386548042 8.7302285283803922 2.4933084994554511 1.1764841750264192 17.354281358420849
leaf_count=155 17 1931 84 502 26 15 3 28 8 68 40 13 7 114
internal_value=0.000160914 0.00334127 -0.0238737 0.0060791 0.00249703 -0.0385238 -0.0175209 -0.00686792 -0.000918306 0.0231383 -0.0370623 0.00414571 0.00480334 0.0384403
internal_weight=517.649 482.525 44.1052 438.42 357.437 13.8108 10.9274 10.4459 26.0914 15.6651 10.4263 343.626 341.133 18.5308
internal_count=3011 2856 217 2639 2137 72 57 54 133 85 48 2065 2052 121
is_linear=0
shrinkage=0.05


Tree=26
num_leaves=15
num_cat=0
split_feature=49 31 35 32 22 28 48 45 4 24 23 47 4 39
split_gain=26.7341 14.0674 11.0897 9.92715 9.19227 10.393 9.15113 9.42737 12.9518 9.58278 8.98432 8.88633 16.7943 10.9777
threshold=0.21440598555911486 -0.13877593020964499 0.081923278538042307 0.069386190811239909 0.19469989877797939 -0.041274596850626302 -0.092819973742714251 0.047619414902446387 -0.061677305722692151 -1.0000000180025095e-35 0.1880057305011322 -0.10721158546672081 -0.037267826583801497 0.071819864005252643
decision_type=2 2 2 2 2 2 2 2 2 2 2 2 2 2
left_child=1 -1 3 -3 11 6 -6 8 -8 -10 -5 12 13 -2
right_child=4 2 -4 10 5 -7 7 -9 9 -11 -12 -13 -14 -15
leaf_value=-0.050432811341463185 0.022599140326585276 -0.019755936311043436 -0.066567633444415547 0.017631383113985259 0.030166519729482519 0.0054078669971569697 -0.11160653063705983 -0.15659754427561545 -0.18213748065411717 0.0311074535780216 -0.11457528285263735 0.013397718278414038 0.028516232923452262 -0.034272789180842138
leaf_weight=28.537799090147018 10.756350263953207 54.148583009839058 8.1745023205876333 38.247630029916763 2.8867538869380942 20.565152652561665 4.1970728486776334 2.4438826739788047 0.59528750181197931 4.5815037265419978 1.3297219723463047 274.92554917186499 23.932000562548637 40.183004140853882
leaf_count=132 68 262 36 208 17 127 20 13 3 28 7 1729 151 210
internal_value=0.00015876 -0.019405 -0.0107154 -0.00584417 0.00678582 -0.017543 -0.0496412 -0.069136 -0.0463337 0.00658608 0.0131895 0.00923886 -0.00603233 -0.0222637
internal_weight=515.505 130.438 101.9 93.7259 385.067 35.2697 14.7045 11.8177 9.37386 5.17679 39.5774 349.797 74.8714 50.9394
internal_count=3011 645 513 477 2366 208 81 64 51 31 215 2158 429 278
is_linear=0
shrinkage=0.05


Tree=27
num_leaves=15
num_cat=0
split_feature=31 35 22 3 11 25 0 7 47 31 48 9 22 46
split_gain=24.925 12.3667 10.5779 13.0917 10.7805 10.4657 11.2181 10.1435 11.7044 10.045 9.63389 9.25486 8.85499 8.8534
threshold=-0.21881270953524129 0.062545966931978711 -0.028952355160451242 250.50000000000003 -0.044543606077884719 -0.052926235320176727 2.9889190631233382 -0.13847051191691462 -0.088906109430298738 -0.062515538524972283 -0.097641724324364368 0.1266559496805775 0.18263839119579142 0.055523510530097887
decision_type=2 2 2 2 2 2 2 2 2 2 2 2 2 2
left_child=-1 2 4 7 9 -3 -7 13 10 -2 -9 -6 -5 -4
right_child=1 5 3 12 11 6 -8 8 -10 -11 -12 -13 -14 -15
leaf_value=-0.038536930636178419 -0.099627185707096444 0.066264412022743496 -0.03837494584013796 0.014442721204131127 0.0049580742723867042 -0.06705147911550971 0.04357281797310953 -0.093780216208329242 0.021247560538567876 -0.022579299471894354 -0.0039227024630451674 -0.16272587508602157 -0.011486425544817771 -0.19650500265326812
leaf_weight=38.496453896164894 5.5889842510223415 2.2142450064420727 15.941958218812943 302.33131255954504 39.948826692998409 14.279687136411669 2.7298104315996161 4.878788560628891 22.859327539801598 17.400851503014565 7.6757879853248578 0.84016706049442191 36.951360583305359 0.9371954947710045
leaf_count=190 27 14 77 1891 223 68 18 25 117 92 43 4 217 5
internal_value=0.000156847 0.00329558 0.00495397 0.00802954 -0.0139288 -0.0359869 -0.0492977 -0.0152577 -5.4745e-05 -0.0413102 -0.0388419 0.00150414 0.0116188 -0.0471549
internal_weight=513.075 474.578 455.355 391.576 63.7788 19.2237 17.0095 52.2931 35.4139 22.9898 12.5546 40.789 339.283 16.8792
internal_count=3011 2821 2721 2375 346 100 86 267 185 119 68 227 2108 82
is_linear=0
shrinkage=0.05


Tree=28
num_leaves=15
num_cat=0
split_feature=46 18 25 10 41 38 18 46 49 51 50 28 7 48
split_gain=22.7511 11.7893 11.5301 8.89926 8.23498 7.79661 7.68943 8.9689 10.1589 7.45021 7.33178 7.33037 9.96583 7.87561
threshold=-0.25402503760263834 -0.10292999385725694 0.078296046509139502 0.077324726457227475 0.11583321662017396 -0.044992196204326977 0.045739010444029206 0.087454373481030842 0.28086961980161418 -0.03790563578772578 -0.031250905296534986 0.17955390336132832 -0.096995238794909275 0.082753028410826088
decision_type=2 2 2 2 2 2 2 2 2 2 2 2 2 2
left_child=-1 2 5 4 11 10 7 8 -6 -7 -2 13 -13 -3
right_child=1 3 -4 -5 6 9 -8 -9 -10 -11 -12 12 -14 -15
leaf_value=-0.039442385105786903 -0.042160383124234174 0.0026815662344753825 -0.052588660898234468 0.020606541182018299 -0.044580275213146586 0.063593165375117264 -0.092253722740356869 -0.20762308386806852 0.062649600238227021 -0.051987735999109635 0.04075358908550638 0.062991494912820953 -0.099764232002205078 0.036898435542607619
leaf_weight=33.871395900845528 3.4319524616003045 317.56157761067152 17.9185471534729 79.275483474135399 5.2220779806375468 1.6564442515373219 4.1966545879840842 0.54752358794212419 3.8278753608465195 8.8077836483716947 11.949551850557327 1.2729543447494505 3.601839765906333 17.757152549922466
leaf_count=155 17 1919 84 502 24 8 21 3 24 40 68 8 18 120
internal_value=0.000154337 0.00296591 -0.0217661 0.0054641 0.00207296 -0.000397106 -0.0357995 -0.0111139 0.000774942 -0.0336918 0.0222537 0.00360861 -0.0572639 0.00449356
internal_weight=510.899 477.027 43.7643 433.263 353.988 25.8457 13.7941 9.59748 9.04995 10.4642 15.3815 340.194 4.87479 335.319
internal_count=3011 2856 217 2639 2137 133 72 51 48 48 85 2065 26 2039
is_linear=0
shrinkage=0.05


Tree=29
num_leaves=15
num_cat=0
split_feature=31 49 35 28 4 47 35 37 31 42 15 8 15 22
split_gain=21.4259 10.8376 11.6465 10.8929 9.97506 13.9956 11.4134 12.7691 11.4666 10.4607 13.9364 17.2623 11.2814 10.3336
threshold=-0.21881270953524129 0.21168188249167666 -0.13187216520192502 0.068843745140715298 -0.036466465512217709 -0.10292195802679004 -0.19724310057403535 -1.0000000180025095e-35 0.180638713434395 0.073771316191843767 -0.04879510737873053 -0.086751802136480607 -0.10475663409511728 0.32350754645067042
decision_type=2 2 2 2 2 2 2 2 2 2 2 2 2 2
left_child=-1 2 -2 -4 5 -3 -7 -8 13 -6 11 12 -11 -9
right_child=1 4 3 -5 9 6 7 8 -10 10 -12 -13 -14 -15
leaf_value=-0.035932138736822654 0.029100814553470786 -0.020396283669340678 -0.023100225539898683 0.047195851402625055 0.020717956479207454 0.051368600804672461 0.042241830931383506 0.0017211960010279628 -0.14587787891347564 0.062573132529224279 0.032756528647561664 -0.17719440501665557 -0.1466016113148326 -0.10517325398503277
leaf_weight=38.061655163764954 15.186888515949247 59.50732496380806 81.393057622015476 5.9111046642065039 138.04707789421082 13.857789494097231 18.906466528773308 123.91026093810797 1.3659561350941647 2.0794530808925633 4.6380490660667402 2.6509550958871841 0.93416371941566456 2.302914395928382
leaf_count=190 95 328 390 33 913 90 119 774 7 13 28 14 5 12
internal_value=0.000151519 0.00306936 -0.0113109 -0.0183407 0.00707221 0.000311924 0.00799724 0.00389424 -0.00178865 0.0170908 -0.0315104 -0.0841311 -0.00226705 -0.000229225
internal_weight=508.753 470.691 102.491 87.3042 368.2 219.851 160.343 146.486 127.579 148.35 10.3026 5.66457 3.01362 126.213
internal_count=3011 2821 518 423 2303 1330 1002 912 793 973 60 32 18 786
is_linear=0
shrinkage=0.05


end of trees

feature_importances:
embedding_45=38
embedding_31=23
embedding_27=20
embedding_00=16
embedding_14=16
embedding_24=16
prompt_approx_tokens=14
embedding_35=14
embedding_43=13
embedding_03=12
embedding_18=12
embedding_36=12
embedding_09=11
embedding_12=11
embedding_22=11
embedding_34=11
embedding_15=10
embedding_44=10
embedding_26=9
embedding_38=9
prompt_chars=8
embedding_08=8
embedding_39=8
embedding_16=7
embedding_19=7
embedding_42=7
embedding_25=6
embedding_29=6
embedding_33=6
embedding_46=6
embedding_47=6
embedding_11=5
embedding_21=5
embedding_28=5
embedding_06=4
embedding_17=4
embedding_20=4
a2_score=3
embedding_04=3
embedding_05=3
embedding_07=3
embedding_23=3
embedding_30=3
embedding_37=3
embedding_13=2
embedding_32=2
embedding_41=2
embedding_02=1
embedding_10=1
embedding_40=1

parameters:
[boosting: gbdt]
[objective: binary]
[metric: binary_logloss]
[tree_learner: serial]
[device_type: cpu]
[data_sample_strategy: bagging]
[data: ]
[valid: ]
[num_iterations: 30]
[learning_rate: 0.05]
[num_leaves: 15]
[num_threads: 1]
[seed: 23]
[deterministic: 0]
[force_col_wise: 1]
[force_row_wise: 0]
[histogram_pool_size: -1]
[max_depth: -1]
[min_data_in_leaf: 3]
[min_sum_hessian_in_leaf: 0.001]
[bagging_fraction: 1]
[pos_bagging_fraction: 1]
[neg_bagging_fraction: 1]
[bagging_freq: 0]
[bagging_seed: 25556]
[bagging_by_query: 0]
[feature_fraction: 1]
[feature_fraction_bynode: 1]
[feature_fraction_seed: 31605]
[extra_trees: 0]
[extra_seed: 3808]
[early_stopping_round: 0]
[early_stopping_min_delta: 0]
[first_metric_only: 0]
[max_delta_step: 0]
[lambda_l1: 0]
[lambda_l2: 0]
[linear_lambda: 0]
[min_gain_to_split: 0]
[drop_rate: 0.1]
[max_drop: 50]
[skip_drop: 0.5]
[xgboost_dart_mode: 0]
[uniform_drop: 0]
[drop_seed: 6130]
[top_rate: 0.2]
[other_rate: 0.1]
[min_data_per_group: 100]
[max_cat_threshold: 32]
[cat_l2: 10]
[cat_smooth: 10]
[max_cat_to_onehot: 4]
[top_k: 20]
[monotone_constraints: ]
[monotone_constraints_method: basic]
[monotone_penalty: 0]
[feature_contri: ]
[forcedsplits_filename: ]
[refit_decay_rate: 0.9]
[cegb_tradeoff: 1]
[cegb_penalty_split: 0]
[cegb_penalty_feature_lazy: ]
[cegb_penalty_feature_coupled: ]
[path_smooth: 0]
[interaction_constraints: ]
[verbosity: -1]
[saved_feature_importance_type: 0]
[use_quantized_grad: 0]
[num_grad_quant_bins: 4]
[quant_train_renew_leaf: 0]
[stochastic_rounding: 1]
[linear_tree: 0]
[max_bin: 255]
[max_bin_by_feature: ]
[min_data_in_bin: 3]
[bin_construct_sample_cnt: 200000]
[data_random_seed: 113]
[is_enable_sparse: 1]
[enable_bundle: 1]
[use_missing: 1]
[zero_as_missing: 0]
[feature_pre_filter: 1]
[pre_partition: 0]
[two_round: 0]
[header: 0]
[label_column: ]
[weight_column: ]
[group_column: ]
[ignore_column: ]
[categorical_feature: ]
[forcedbins_filename: ]
[precise_float_parser: 0]
[parser_config_file: ]
[objective_seed: 16714]
[num_class: 1]
[is_unbalance: 0]
[scale_pos_weight: 1]
[sigmoid: 1]
[boost_from_average: 1]
[reg_sqrt: 0]
[alpha: 0.9]
[fair_c: 1]
[poisson_max_delta_step: 0.7]
[tweedie_variance_power: 1.5]
[lambdarank_truncation_level: 30]
[lambdarank_norm: 1]
[label_gain: ]
[lambdarank_position_bias_regularization: 0]
[eval_at: ]
[multi_error_top_k: 1]
[auc_mu_weights: ]
[num_machines: 1]
[local_listen_port: 12400]
[time_out: 120]
[machine_list_filename: ]
[machines: ]
[gpu_platform_id: -1]
[gpu_device_id: -1]
[gpu_device_id_list: ]
[gpu_use_dp: 0]
[num_gpu: 1]

end of parameters

pandas_categorical:null
