tree
version=v4
num_class=1
num_tree_per_iteration=1
label_index=0
max_feature_idx=51
objective=regression
feature_names=a2_score has_code_fence prompt_approx_tokens prompt_chars embedding_00 embedding_01 embedding_02 embedding_03 embedding_04 embedding_05 embedding_06 embedding_07 embedding_08 embedding_09 embedding_10 embedding_11 embedding_12 embedding_13 embedding_14 embedding_15 embedding_16 embedding_17 embedding_18 embedding_19 embedding_20 embedding_21 embedding_22 embedding_23 embedding_24 embedding_25 embedding_26 embedding_27 embedding_28 embedding_29 embedding_30 embedding_31 embedding_32 embedding_33 embedding_34 embedding_35 embedding_36 embedding_37 embedding_38 embedding_39 embedding_40 embedding_41 embedding_42 embedding_43 embedding_44 embedding_45 embedding_46 embedding_47
feature_infos=[2.3630005139339154:3.1759191890892762] none [8:965] [34:3860] [-0.41087217443874041:0.61782155193190347] [-0.48471791416315496:0.50738849249045237] [-0.58520573598065284:0.1637091018140116] [-0.457495710997814:0.48970210687439175] [-0.41646336503628284:0.36980013081681939] [-0.46164353574848277:0.27910827799011501] [-0.49030428616306426:0.35382651028683815] [-0.41130179815941625:0.42628184178677897] [-0.7761441759351253:0.25514595333753737] [-0.25087260300212721:0.56200266417119338] [-0.38669459561826541:0.57796492950336786] [-0.48622141449773226:0.48730810225589299] [-0.55001909821692674:0.39036002917941331] [-0.23408229439226114:0.70149986857704305] [-0.3596943895981084:0.42459591394742019] [-0.3481553119113957:0.47546492756792713] [-0.3245134270208202:0.52075564392329554] [-0.39082557499682519:0.32882426898275152] [-0.41281254969226883:0.45401858887714786] [-0.49763795114508702:0.41301708893558936] [-0.53839652650374503:0.42173074971558477] [-0.30845685446746224:0.51089105201080265] [-0.40388187304691769:0.36099410255771208] [-0.2290393337255473:0.6393508022779113] [-0.40927275453502904:0.33633639699815621] [-0.42444648726183282:0.25630729731502827] [-0.73874861306336814:0.21031022607861385] [-0.4681734716045628:0.40689422938557973] [-0.30599503068105227:0.41130179815941625] [-0.2520988421229669:0.59213690821293896] [-0.43249857361756672:0.4493247650413843] [-0.64379044019311227:0.34731435582359393] [-0.48314531438551706:0.27044936151312532] [-0.3576777653141881:0.55381861969499646] [-0.5121475197315839:0.33776026473659926] [-0.53951250094920478:0.43748483228844198] [-0.63167616570923679:0.68475227121768012] [-0.48949020986880254:0.48218561322280346] [-0.46114398896535042:0.38087317795088099] [-0.44766148103584524:0.36014120303280989] [-0.39773369280899523:0.42008402520840299] [-0.48434471241406046:0.48800932206302489] [-0.75925660236529657:0.33806170189140661] [-0.51314236049113426:0.3563249516154553] [-0.43560684186903209:0.43070552164653242] [-0.42111744380615784:0.62985816774525505] [-0.35666297896665838:0.37577968896651326] [-0.51047656089015592:0.41650600860529929]
tree_sizes=1537 1535 1562 1566 1531 1552 1508 1550 1512 1558 1516 1560 1508 1511 1498 1438 1429 1478 1424 1451

Tree=0
num_leaves=15
num_cat=0
split_feature=14 2 31 36 0 4 15 49 16 35 2 33 27 13
split_gain=4.5349e+06 1.01234e+07 3.49427e+06 2.67195e+06 5.35857e+06 2.6202e+06 1.38814e+06 4.39531e+06 1.04232e+06 1.00834e+06 2.47369e+06 981461 4.14741e+06 685392
threshold=-0.070889169393617543 95.500000000000014 -0.084569985101946951 0.053161023919667837 2.7272266302781798 -0.080193393552907027 0.3615133633692687 0.10432228060762601 0.14463649690520206 -0.41796152667404213 74.500000000000014 -0.066204537139711625 0.2376429122989441 0.068454583568568858
decision_type=2 2 2 2 2 2 2 2 2 2 2 2 2 2
left_child=1 2 -1 6 5 -5 9 -8 13 10 -2 12 -11 -4
right_child=3 -3 8 4 -6 -7 7 -9 -10 11 -12 -13 -14 -15
leaf_value=18.564430406425373 72.831096500887469 19.974686804455189 73.094429548118498 32.047764184806717 21.974430353019613 91.154429548118486 88.447764915957023 18.564430406425373 52.581096469098306 19.485483027965643 18.564430406425373 18.857654867203507 75.501929929588215 99.274429548118491
leaf_weight=2.9999999999999991 2.9999999999999982 39 4.9999999999999982 3.0000000000000009 25 4.9999999999999991 2.9999999999999991 8.9999999999999982 2.9999999999999991 19.000000000000004 7 2878 3.9999999999999991 5
leaf_count=3 3 39 5 3 25 5 3 9 3 19 7 2878 4 5
internal_value=19.4889 33.7144 67.2051 19.2242 33.372 68.9894 19.0645 36.0353 78.4298 18.9945 34.8444 18.9399 29.2275 86.1844
internal_weight=3011 55 16 2956 33 8 2923 12 13 2911 10 2901 23 10
internal_count=3011 55 16 2956 33 8 2923 12 13 2911 10 2901 23 10
is_linear=0
shrinkage=1


Tree=1
num_leaves=15
num_cat=0
split_feature=14 2 31 36 0 4 15 49 10 35 5 16 12 26
split_gain=4.09275e+06 9.13633e+06 3.15358e+06 2.41144e+06 4.83611e+06 2.36473e+06 1.25279e+06 3.96677e+06 944600 910031 2.34581e+06 904201 3.17225e+06 446244
threshold=-0.070889169393617543 95.500000000000014 -0.084569985101946951 0.053161023919667837 2.7272266302781798 -0.080193393552907027 0.3615133633692687 0.10432228060762601 0.0835149833117695 -0.41796152667404213 0.033729228349559597 0.21626701944801277 -0.065169718463904888 0.070843762781051214
decision_type=2 2 2 2 2 2 2 2 2 2 2 2 2 2
left_child=1 2 -1 6 5 -5 9 -8 13 10 -2 -11 -13 -4
right_child=3 -3 8 4 -6 -7 7 -9 -10 11 -12 12 -14 -15
leaf_value=-0.87822151184082031 51.579557673136414 0.46152205344958186 75.796279296875014 11.930945269266758 2.3612784881591797 68.082279052734378 65.510945638020843 -0.87822151184082031 38.945544586181633 -0.58077853508293631 -1.2658405303955078 -0.89288272857666018 57.729712104797365 51.403833007812494
leaf_weight=2.9999999999999991 2.9999999999999982 39 4.9999999999999982 3.0000000000000009 25 4.9999999999999991 2.9999999999999991 8.9999999999999982 5 2888 7 9.9999999999999982 2.9999999999999991 3
leaf_count=3 3 39 5 3 25 5 3 9 5 2888 7 10 3 3
internal_value=1.31473e-08 13.5143 45.3304 -0.25145 13.189 47.0255 -0.403189 15.7191 55.9939 -0.46965 14.5878 -0.521554 12.6354 66.6491
internal_weight=3011 55 16 2956 33 8 2923 12 13 2911 10 2901 13 8
internal_count=3011 55 16 2956 33 8 2923 12 13 2911 10 2901 13 8
is_linear=0
shrinkage=0.05


Tree=2
num_leaves=15
num_cat=0
split_feature=14 2 31 36 0 4 15 49 16 33 27 35 13 17
split_gain=3.6937e+06 8.24554e+06 2.8461e+06 2.17632e+06 4.36459e+06 2.13417e+06 1.13065e+06 3.58001e+06 891946 854645 3.6412e+06 830128 2.22455e+06 569762
threshold=-0.070889169393617543 95.500000000000014 -0.084569985101946951 0.053161023919667837 2.7272266302781798 -0.080193393552907027 0.3615133633692687 0.10432228060762601 0.14463649690520206 -0.066204537139711625 0.2376429122989441 -0.41796152667404213 0.104738643965246 -0.098354533275596248
decision_type=2 2 2 2 2 2 2 2 2 2 2 2 2 2
left_child=1 2 -1 6 5 -5 9 -8 -4 10 -2 12 -11 -13
right_child=3 -3 8 4 -6 -7 7 -9 -10 11 -12 13 -14 -15
leaf_value=-0.83431043624877932 0.025817359121222239 0.43844597400763097 60.367650756835943 11.334398206075027 2.2432145996093751 64.678165283203128 62.235396321614587 -0.83431043624877932 29.282697041829426 49.881335353851341 52.512561035156253 3.4847808974129815 -1.5800156593322754 -0.69457376785336356
leaf_weight=2.9999999999999991 19.000000000000004 39 9.9999999999999982 3.0000000000000009 25 4.9999999999999991 2.9999999999999991 8.9999999999999982 2.9999999999999991 2.9999999999999982 3.9999999999999991 84 7 2794
leaf_count=3 19 39 10 3 25 5 3 9 3 3 4 84 7 2794
internal_value=-5.14686e-11 12.8386 43.0639 -0.238877 12.5295 44.6743 -0.38303 14.9331 53.1942 -0.446167 9.15395 -0.522622 13.8584 -0.572591
internal_weight=3011 55 16 2956 33 8 2923 12 13 2911 23 2888 10 2878
internal_count=3011 55 16 2956 33 8 2923 12 13 2911 23 2888 10 2878
is_linear=0
shrinkage=0.05


Tree=3
num_leaves=15
num_cat=0
split_feature=14 2 31 36 0 4 15 49 41 16 34 35 26 8
split_gain=3.33357e+06 7.4416e+06 2.56861e+06 1.96413e+06 3.93904e+06 1.92609e+06 1.02041e+06 3.23096e+06 833928 782739 2.8953e+06 747240 2.10955e+06 390564
threshold=-0.070889169393617543 95.500000000000014 -0.084569985101946951 0.053161023919667837 2.7272266302781798 -0.080193393552907027 0.3615133633692687 0.10432228060762601 -0.073521915346540498 0.21626701944801277 -0.080451877664330748 -0.41796152667404213 -0.067878178061035091 0.056355762137752223
decision_type=2 2 2 2 2 2 2 2 2 2 2 2 2 2
left_child=1 2 -1 6 5 -5 9 -8 -4 11 -11 12 -2 -13
right_child=3 -3 8 4 -6 -7 7 -9 -10 10 -12 13 -14 -15
leaf_value=-0.79259490966796875 48.244957351684555 0.41652367176153721 31.538846397399904 10.76767787933349 2.1310538063049318 61.444254760742183 59.12362874348959 -0.79259490966796875 58.976996527777786 -1.1066229057312011 54.898556582132976 -0.72508826658850256 -1.8685959407261443 1.1723297064060425
leaf_weight=2.9999999999999991 3 39 3.9999999999999991 3.0000000000000009 25 4.9999999999999991 2.9999999999999991 8.9999999999999982 8.9999999999999982 9.9999999999999982 2.9999999999999991 2585 6.9999999999999982 303
leaf_count=3 3 39 4 3 25 5 3 9 9 10 3 2585 7 303
internal_value=1.67788e-08 12.1966 40.9107 -0.226933 11.9031 42.4405 -0.363878 14.1865 50.5345 -0.423859 11.8176 -0.478772 13.1655 -0.526017
internal_weight=3011 55 16 2956 33 8 2923 12 13 2911 13 2898 10 2888
internal_count=3011 55 16 2956 33 8 2923 12 13 2911 13 2898 10 2888
is_linear=0
shrinkage=0.05


Tree=4
num_leaves=15
num_cat=0
split_feature=14 2 31 36 0 4 15 49 10 33 27 17 21 26
split_gain=3.00854e+06 6.71604e+06 2.31817e+06 1.77263e+06 3.55498e+06 1.73829e+06 920919 2.91594e+06 784028 750759 3.19404e+06 699770 2.73367e+06 369545
threshold=-0.070889169393617543 95.500000000000014 -0.084569985101946951 0.053161023919667837 2.7272266302781798 -0.080193393552907027 0.3615133633692687 0.10432228060762601 0.0835149833117695 -0.066204537139711625 0.2376429122989441 -0.098354533275596248 -0.05332865640653528 0.070843762781051214
decision_type=2 2 2 2 2 2 2 2 2 2 2 2 2 2
left_child=1 2 -1 6 5 -5 9 -8 13 10 -2 12 -11 -4
right_child=3 -3 8 4 -6 -7 7 -9 -10 11 -12 -13 -14 -15
leaf_value=-0.75296516418457038 0.04580137353194387 0.39569751788408331 66.039229736328139 10.229294204711909 2.0245011558532715 58.372043457031253 56.167445882161466 -0.75296516418457038 32.475879135131827 50.87426233291626 49.204175186157229 -0.60985751246772324 2.280004792097138 43.841795857747385
leaf_weight=2.9999999999999991 19.000000000000004 39 4.9999999999999982 3.0000000000000009 25 4.9999999999999991 2.9999999999999991 8.9999999999999982 5 2.9999999999999991 3.9999999999999991 2803 82 3
leaf_count=3 19 39 5 3 25 5 3 9 5 3 4 2803 82 3
internal_value=6.29204e-09 11.5868 38.8651 -0.215587 11.3079 40.3185 -0.345684 13.4771 48.0078 -0.402666 8.59508 -0.474324 3.9951 57.7152
internal_weight=3011 55 16 2956 33 8 2923 12 13 2911 23 2888 85 8
internal_count=3011 55 16 2956 33 8 2923 12 13 2911 23 2888 85 8
is_linear=0
shrinkage=0.05


Tree=5
num_leaves=15
num_cat=0
split_feature=14 2 31 36 0 4 27 39 15 17 12 5 16 35
split_gain=2.71521e+06 6.06123e+06 2.09215e+06 1.5998e+06 3.20837e+06 1.56881e+06 837627 4.81752e+06 3.28908e+06 1.94804e+06 1.02814e+06 798795 730281 640810
threshold=-0.070889169393617543 95.500000000000014 -0.084569985101946951 0.053161023919667837 2.7272266302781798 -0.080193393552907027 0.26911572783095666 -0.094493943206804806 0.3615133633692687 0.19135811446341253 0.16919521795350842 0.15425896818884544 0.14463649690520206 -0.18193383272191799
decision_type=2 2 2 2 2 2 2 2 2 2 2 2 2 2
left_child=1 2 -1 6 5 -5 10 9 11 -8 -2 13 -4 -9
right_child=3 -3 12 4 -6 -7 7 8 -10 -11 -12 -13 -14 -15
leaf_value=-0.71531691551208498 -0.64486803011450933 0.37591261496910683 52.098262329101573 9.7178290049234981 1.9232760238647462 55.453439941406252 75.036055501302087 23.442969385782877 53.359073893229166 18.056008529663082 28.64276123046875 26.394918123881027 23.971091270446777 0.2104479774352043
leaf_weight=2.9999999999999991 2626 39 9.9999999999999982 3.0000000000000009 25 4.9999999999999991 2.9999999999999991 2.9999999999999991 2.9999999999999991 3 2.9999999999999991 2.9999999999999991 2.9999999999999991 279
leaf_count=3 2626 39 10 3 25 5 3 3 3 3 3 3 3 279
internal_value=8.06202e-09 11.0075 36.9219 -0.204807 10.7425 38.3026 -0.3284 2.20266 1.27884 46.546 -0.611447 0.730627 45.6074 0.457602
internal_weight=3011 55 16 2956 33 8 2923 294 288 6 2629 285 13 282
internal_count=3011 55 16 2956 33 8 2923 294 288 6 2629 285 13 282
is_linear=0
shrinkage=0.05


Tree=6
num_leaves=15
num_cat=0
split_feature=14 2 31 36 0 4 0 4 25 2 33 10 26 0
split_gain=2.45048e+06 5.47026e+06 1.88816e+06 1.44382e+06 2.89556e+06 1.41585e+06 766281 4.61581e+06 2.75463e+06 2.99293e+06 1.43396e+06 684943 365291 576185
threshold=-0.070889169393617543 95.500000000000014 -0.084569985101946951 0.053161023919667837 2.7272266302781798 -0.080193393552907027 2.7608039860829794 0.13580896564565029 0.21975548453259128 264.50000000000006 -0.09214577447129943 0.0835149833117695 0.078048139970741767 2.7007418279542548
decision_type=2 2 2 2 2 2 2 2 2 2 2 2 2 2
left_child=1 2 -1 6 5 -5 7 8 10 -10 -2 -4 -12 -14
right_child=3 -3 11 4 -6 -7 -8 -9 9 -11 12 -13 13 -15
leaf_value=-0.67955107688903815 35.088425699869795 0.35711698898902311 52.400315093994152 9.2319374084472603 1.8271122245788576 52.680769653320318 -0.61056197973433701 55.28629643917084 70.16290283203125 -0.46444079478581735 0.12687082348447859 28.809715690612787 28.233560005823776 -0.75384215116500841
leaf_weight=2.9999999999999991 2.9999999999999991 39 7.9999999999999982 3.0000000000000009 25 4.9999999999999991 2573 3.9999999999999991 2.9999999999999991 3 330 5 2.9999999999999991 4
leaf_count=3 3 39 8 3 25 5 2573 4 3 3 330 5 3 4
internal_value=1.09351e-08 10.4571 35.0758 -0.194567 10.2054 36.3875 -0.31198 1.88302 1.26565 34.8492 0.672994 43.327 0.366625 11.6693
internal_weight=3011 55 16 2956 33 8 2923 350 346 6 340 13 337 7
internal_count=3011 55 16 2956 33 8 2923 350 346 6 340 13 337 7
is_linear=0
shrinkage=0.05


Tree=7
num_leaves=15
num_cat=0
split_feature=14 2 31 36 0 4 27 39 15 17 12 5 16 35
split_gain=2.21156e+06 4.93691e+06 1.70407e+06 1.30304e+06 2.61324e+06 1.27781e+06 707801 3.97188e+06 2.77735e+06 1.66189e+06 867135 660791 637916 579703
threshold=-0.070889169393617543 95.500000000000014 -0.084569985101946951 0.053161023919667837 2.7272266302781798 -0.080193393552907027 0.26911572783095666 -0.094493943206804806 0.3615133633692687 0.19135811446341253 0.16919521795350842 0.15425896818884544 0.14463649690520206 -0.18193383272191799
decision_type=2 2 2 2 2 2 2 2 2 2 2 2 2 2
left_child=1 2 -1 6 5 -5 10 9 11 -8 -2 13 -4 -9
right_child=3 -3 12 4 -6 -7 7 8 -10 -11 -12 -13 -14 -15
leaf_value=-0.64557352066040041 -0.58726279769986178 0.3392611540280856 47.227192993164067 8.770340601603186 1.7357566909790039 50.046732177734377 68.608624267578122 22.301349131266278 49.049064127604169 15.979596964518226 26.309536616007492 24.029981931050621 20.938874101638795 0.20428670520850836
leaf_weight=2.9999999999999991 2626 39 9.9999999999999982 3.0000000000000009 25 4.9999999999999991 2.9999999999999991 2.9999999999999991 2.9999999999999991 3 2.9999999999999991 2.9999999999999991 2.9999999999999991 279
leaf_count=3 2626 39 10 3 25 5 3 3 3 3 3 3 3 279
internal_value=-1.33653e-08 9.93424 33.322 -0.184839 9.69511 34.5681 -0.296381 2.03028 1.19145 42.2941 -0.55657 0.687684 41.1607 0.439362
internal_weight=3011 55 16 2956 33 8 2923 294 288 6 2629 285 13 282
internal_count=3011 55 16 2956 33 8 2923 294 288 6 2629 285 13 282
is_linear=0
shrinkage=0.05


Tree=8
num_leaves=15
num_cat=0
split_feature=0 4 2 26 49 25 14 2 10 33 41 8 50 49
split_gain=2.01529e+06 5.60527e+06 3.32908e+06 2.45402e+06 2.33314e+06 1.97705e+06 1.1035e+06 1.76094e+06 1.01438e+06 509135 257408 267118 251595 249237
threshold=2.7608039860829794 0.060412511091216488 166.50000000000003 0.065877469525934887 0.28274575743923536 0.22226511398645682 -0.070889169393617543 64.500000000000014 0.060945922996493193 -0.066204537139711625 -0.3117165160981698 -0.052558983527758098 0.13272842444056857 0.1908250475016465
decision_type=2 2 2 2 2 2 2 2 2 2 2 2 2 2
left_child=1 3 8 5 -5 6 7 -1 -3 -8 11 -2 -10 -12
right_child=10 2 -4 4 -6 -7 9 -9 12 -11 13 -13 -14 -15
leaf_value=38.476356534957887 -0.69768096605936669 67.827436828613301 -1.4637250518798828 40.33400669097901 -0.91214698155721019 36.261122034490107 20.856193033854169 0.65088800191879281 44.472960662841786 0.16502919542825475 0.8326887189653448 20.402010059356691 25.318096923828119 -0.6920640736471626
leaf_weight=4.9999999999999991 3 3.9999999999999982 4.9999999999999991 7.9999999999999982 6 3.9999999999999991 2.9999999999999991 7.9999999999999991 4 331 303 2.9999999999999991 3 2321
leaf_count=5 3 4 5 8 6 4 3 8 4 331 303 3 3 2321
internal_value=-3.57311e-10 3.39859 32.3648 2.12884 22.6571 1.31005 0.907153 15.1991 47.7414 0.350878 -0.492343 9.85216 36.2637 -0.515997
internal_weight=3011 381 16 365 14 351 347 13 11 334 2630 6 7 2624
internal_count=3011 381 16 365 14 351 347 13 11 334 2630 6 7 2624
is_linear=0
shrinkage=0.05


Tree=9
num_leaves=15
num_cat=0
split_feature=14 2 27 36 0 4 26 17 7 33 27 25 12 14
split_gain=1.82519e+06 4.06393e+06 1.46574e+06 1.1032e+06 2.1757e+06 1.04187e+06 633893 618724 3.30349e+06 555293 2.38595e+06 390165 5.01366e+06 498595
threshold=-0.070889169393617543 95.500000000000014 0.16960390580963033 0.053161023919667837 2.7272266302781798 -0.080193393552907027 0.076594760949813226 -0.08486285808194699 0.085956945717342345 -0.066204537139711625 0.2376429122989441 0.21140927528939071 -1.0000000180025095e-35 0.030729418598470594
decision_type=2 2 2 2 2 2 2 2 2 2 2 2 2 2
left_child=1 2 -1 7 5 -5 -4 8 -2 10 -9 -11 13 -13
right_child=3 -3 6 4 -6 -7 -8 9 -10 11 -12 12 -14 -15
leaf_value=-1.2585119565327965 2.0352376971133923 0.31943658559750293 44.874788411458333 8.3235724131266231 1.6603404617309572 45.595074462890629 20.95273678302765 -0.051085602609734784 55.410714721679689 -0.55691043828110853 42.436054229736328 20.313942480087281 66.460926310221353 -0.54203769038431349
leaf_weight=2.9999999999999991 86 39 8.9999999999999982 3.0000000000000009 25 4.9999999999999991 3.9999999999999991 19.000000000000004 2.9999999999999991 2741 3.9999999999999991 2.9999999999999991 2.9999999999999991 64
leaf_count=3 86 39 9 3 25 5 4 19 3 2741 4 3 3 64
internal_value=-1.87811e-09 9.02485 30.2443 -0.167918 8.92287 31.6183 37.5142 -0.270551 3.83441 -0.399465 7.33798 -0.462774 3.22335 0.391812
internal_weight=3011 55 16 2956 33 8 13 2923 89 2834 23 2811 70 67
internal_count=3011 55 16 2956 33 8 13 2923 89 2834 23 2811 70 67
is_linear=0
shrinkage=0.05


Tree=10
num_leaves=15
num_cat=0
split_feature=0 4 2 26 49 25 14 2 10 39 17 33 22 35
split_gain=1.64972e+06 4.53875e+06 2.71066e+06 2.00252e+06 1.9404e+06 1.67642e+06 902946 1.43601e+06 873944 457698 233675 216533 761883 595901
threshold=2.7608039860829794 0.060412511091216488 166.50000000000003 0.065877469525934887 0.28274575743923536 0.22226511398645682 -0.070889169393617543 64.500000000000014 0.060945922996493193 -0.18883381633787896 0.26785993831661259 0.042430774945120729 0.2370627513768655 -0.31377095421904777
decision_type=2 2 2 2 2 2 2 2 2 2 2 2 2 2
left_child=1 3 8 5 10 6 7 -1 -3 -8 -5 12 13 -2
right_child=11 2 -4 4 -6 -7 9 -9 -10 -11 -12 -13 -14 -15
leaf_value=34.77013084411621 22.839319785435997 61.659101867675794 -1.3850145053863525 29.977715148925785 -1.0179411490758259 33.376930904388431 19.760454241434733 0.61223396062850954 32.36169760567801 0.14229501381381401 47.628955078124989 -0.56584133536812253 22.832030355930328 0.35468571701322693
leaf_weight=4.9999999999999991 2.9999999999999991 3.9999999999999982 4.9999999999999991 4.9999999999999982 6 3.9999999999999991 2.9999999999999991 7.9999999999999991 7 331 3 2457 3.9999999999999991 166
leaf_count=5 3 4 5 5 6 4 3 8 7 331 3 2457 4 166
internal_value=7.60301e-09 3.07493 29.1402 1.93234 20.4763 1.1927 0.821699 13.7499 43.0153 0.318506 36.5969 -0.445456 1.2643 0.753821
internal_weight=3011 381 16 365 14 351 347 13 11 334 8 2630 173 169
internal_count=3011 381 16 365 14 351 347 13 11 334 8 2630 173 169
is_linear=0
shrinkage=0.05


Tree=11
num_leaves=15
num_cat=0
split_feature=14 2 31 36 0 4 10 17 7 33 27 6 32 42
split_gain=1.51064e+06 3.33964e+06 1.2883e+06 923366 1.80442e+06 841266 554740 529746 2.68909e+06 482653 2.08831e+06 325551 2.6977e+06 279567
threshold=-0.070889169393617543 95.500000000000014 -0.084569985101946951 0.053161023919667837 2.7272266302781798 -0.080193393552907027 0.0835149833117695 -0.08486285808194699 0.085956945717342345 -0.066204537139711625 0.2376429122989441 0.083689328922581324 0.17962794230219156 0.11996131114113581
decision_type=2 2 2 2 2 2 2 2 2 2 2 2 2 2
left_child=1 2 -1 7 5 -5 -4 8 -2 10 -9 -11 -13 -6
right_child=3 -3 6 4 13 -7 -8 9 -10 11 -12 12 -14 -15
leaf_value=-2.0881983439127607 1.9284195552038594 0.31882405281066895 42.427397155761724 7.9002792358398395 -0.40224445516412904 41.391890258789061 21.197092742919921 -0.065147771333393292 50.085246785481772 -0.47795926471235473 39.683659744262698 -0.54886360963185621 49.741208299001059 15.868637466430664
leaf_weight=2.9999999999999991 86 39 7.9999999999999982 3.0000000000000009 22.000000000000004 4.9999999999999991 5 19.000000000000004 2.9999999999999991 2784 3.9999999999999991 24.000000000000004 2.9999999999999991 2.9999999999999991
leaf_count=3 86 39 8 3 22 5 5 19 3 2784 4 24 3 3
internal_value=-1.1256e-08 8.21044 27.4463 -0.152765 8.16415 28.8325 34.2619 -0.246661 3.55168 -0.365946 6.84769 -0.424969 5.03892 1.55026
internal_weight=3011 55 16 2956 33 8 13 2923 89 2834 23 2811 27 25
internal_count=3011 55 16 2956 33 8 13 2923 89 2834 23 2811 27 25
is_linear=0
shrinkage=0.05


Tree=12
num_leaves=15
num_cat=0
split_feature=0 4 2 26 49 25 33 10 14 10 17 41 23 49
split_gain=1.36898e+06 3.82483e+06 2.28421e+06 1.62854e+06 1.58151e+06 1.45845e+06 779881 755453 512687 1.06678e+06 225900 201163 241204 196034
threshold=2.7608039860829794 0.060412511091216488 166.50000000000003 0.065877469525934887 0.28274575743923536 0.22226511398645682 -0.066204537139711625 0.060945922996493193 -0.059742494441327093 -1.0000000180025095e-35 0.26785993831661259 -0.3117165160981698 0.051987666897325931 0.1908250475016465
decision_type=2 2 2 2 2 2 2 2 2 2 2 2 2 2
left_child=1 3 7 5 10 6 -1 -3 9 -8 -5 12 -2 -13
right_child=11 2 -4 4 -6 -7 8 -9 -10 -11 -12 13 -14 -15
leaf_value=22.68927173614502 18.764015388488769 56.799645996093766 -1.29262300491333 26.52062103271485 -0.92972748279571515 31.104244613647463 36.283010609944661 29.560655539376395 0.084425815985195551 2.6462480024857955 43.875742594401032 0.76940913292834479 -1.2860843976338703 -0.58284563169120873
leaf_weight=3.9999999999999991 2.9999999999999991 3.9999999999999982 4.9999999999999991 4.9999999999999982 6 3.9999999999999991 2.9999999999999991 7 329 10.999999999999998 3 303 3 2321
leaf_count=4 3 4 5 5 6 4 3 7 329 11 3 303 3 2321
internal_value=-2.12704e-09 2.8011 26.7288 1.75222 18.4751 1.08521 0.739167 39.4657 0.483189 9.85413 33.0288 -0.405787 8.73897 -0.426697
internal_weight=3011 381 16 365 14 351 347 11 343 14 8 2630 6 2624
internal_count=3011 381 16 365 14 351 347 11 343 14 8 2630 6 2624
is_linear=0
shrinkage=0.05


Tree=13
num_leaves=15
num_cat=0
split_feature=14 2 27 7 5 51 12 26 15 27 35 39 49 11
split_gain=1.26473e+06 2.80468e+06 1.09901e+06 779787 2.40265e+06 2.13918e+06 1.96731e+06 500366 396603 1.07629e+06 283066 252235 247767 666175
threshold=-0.070889169393617543 95.500000000000014 0.16960390580963033 0.22948967799066827 -0.058608455853479839 0.064735488787244402 0.16919521795350842 0.084666853304484938 0.3615133633692687 0.19181118546896156 0.10836352295863734 -0.083225622738284918 0.11441813109879827 0.11354546353627451
decision_type=2 2 2 2 2 2 2 2 2 2 2 2 2 2
left_child=1 2 -1 6 5 -5 8 11 12 -10 -6 -4 13 -2
right_child=3 -3 7 4 10 -7 -8 -9 9 -11 -12 -13 -14 -15
leaf_value=-2.138034208615621 0.70716110550642775 0.28050847542591589 48.938375854492207 4.7388102436065678 0.12946274876594543 50.990082397460931 31.078525829315186 13.526112016042076 -1.1102061748504641 34.684929704666125 15.960806592305502 31.609789385114393 -0.51064335431098573 21.240375149250031
leaf_weight=2.9999999999999991 317 39 2.9999999999999982 4.9999999999999982 48 5 4.9999999999999991 2.9999999999999991 6.9999999999999982 3 2.9999999999999991 7 2559 3.9999999999999991
leaf_count=3 317 39 3 5 48 5 5 3 7 3 3 7 2559 4
internal_value=4.83013e-09 7.5125 25.1405 -0.139779 5.45477 27.8644 -0.257661 31.4355 -0.311876 9.62833 1.06072 36.8084 -0.346391 0.963027
internal_weight=3011 55 16 2956 61 10 2895 13 2890 10 51 10 2880 321
internal_count=3011 55 16 2956 61 10 2895 13 2890 10 51 10 2880 321
is_linear=0
shrinkage=0.05


Tree=14
num_leaves=15
num_cat=0
split_feature=0 4 15 16 14 27 10 49 50 0 35 37 9 36
split_gain=1.14202e+06 5.01138e+06 1.91613e+06 1.49973e+06 805319 853429 521704 264480 663939 1.09026e+06 492463 338477 841181 216680
threshold=2.7116334761987444 0.060412511091216488 0.3615133633692687 0.12927639189802589 -1.0000000180025095e-35 0.28539144430081687 0.060945922996493193 0.1908250475016465 0.15316902763542067 2.8370631618209337 -0.41796152667404213 -0.11840152523155448 -0.08761108342167262 0.053161023919667837
decision_type=2 2 2 2 2 2 2 2 2 2 2 2 2 2
left_child=1 2 3 4 5 -1 -3 8 10 -10 -2 12 -12 -6
right_child=7 6 -4 -5 13 -7 -8 -9 9 -11 11 -13 -14 -15
leaf_value=1.3369477907816572 20.72605471611023 51.684700012207045 36.08880921602249 28.399520168304448 0.11235393940106682 29.306747131347652 28.372865168253579 -0.5125330017145836 30.381000976562508 -0.18870264462062289 27.005931282043434 -0.10640904884460911 1.8884886217117309 13.622696177164713
leaf_weight=5.9999999999999982 2.9999999999999991 3.9999999999999982 3.9999999999999991 4.9999999999999991 276 5 6 2376 4.9999999999999982 7 4.0000000000000027 287 20 2.9999999999999991
leaf_count=6 3 4 4 5 276 5 6 2376 5 7 4 287 20 3
internal_value=-1.1305e-08 2.87949 1.715 1.24892 0.780804 14.0505 37.6976 -0.329298 1.00619 12.5487 0.565071 0.370592 6.07473 0.257626
internal_weight=3011 309 299 295 290 11 10 2702 326 12 314 311 24 279
internal_count=3011 309 299 295 290 11 10 2702 326 12 314 311 24 279
is_linear=0
shrinkage=0.05


Tree=15
num_leaves=15
num_cat=0
split_feature=7 5 12 43 2 49 9 8 0 27 35 2 26 0
split_gain=1.04632e+06 2.60254e+06 2.24546e+06 1.77395e+06 1.50055e+06 582449 540030 494133 691915 330529 2.57577e+06 1.73824e+06 757404 378982
threshold=0.16693883847388805 -0.063454766760364975 0.16919521795350842 0.056557262695925724 175.50000000000003 0.064746031227456216 -0.095851380625068761 0.083505920422862881 2.7345194999248665 0.26911572783095666 -0.18193383272191799 57.500000000000007 0.070843762781051214 2.8498343322897277
decision_type=2 2 2 2 2 2 2 2 2 2 2 2 2 2
left_child=2 3 9 6 -4 -5 -2 -3 -9 -1 11 -11 -12 -14
right_child=1 7 4 5 -6 -7 -8 8 -10 10 12 -13 13 -15
leaf_value=-0.42576536549488264 24.872638702392571 0.29345421566682706 43.045242309570312 23.501052474975594 -1.6843057632446286 49.098994750976559 -0.48268998009817921 32.119407145182294 -1.8392742633819574 60.117774454752606 0.16939888561473174 9.7697227478027315 26.915912628173828 3.4067148844401034
leaf_weight=2624 3 85 5 3.9999999999999982 3 5 7.0000000000000018 2.9999999999999991 3 2.9999999999999991 255 4 3.9999999999999991 3
leaf_count=2624 3 85 5 4 3 5 7 3 3 3 255 4 4 3
internal_value=-7.49547e-09 4.78657 -0.181497 21.6178 26.2717 37.7221 7.12391 1.27235 15.1401 -0.254648 1.41455 31.3475 0.614811 16.8405
internal_weight=3011 110 2901 19 8 9 10 91 6 2893 269 7 262 7
internal_count=3011 110 2901 19 8 9 10 91 6 2893 269 7 262 7
is_linear=0
shrinkage=0.05


Tree=16
num_leaves=15
num_cat=0
split_feature=7 5 12 43 2 49 9 8 0 27 35 2 26 0
split_gain=944302 2.34879e+06 2.02652e+06 1.60099e+06 1.35425e+06 525660 487377 445955 624454 298303 2.32463e+06 1.56876e+06 683557 342031
threshold=0.16693883847388805 -0.063454766760364975 0.16919521795350842 0.056557262695925724 175.50000000000003 0.064746031227456216 -0.095851380625068761 0.083505920422862881 2.7345194999248665 0.26911572783095666 -0.18193383272191799 57.500000000000007 0.070843762781051214 2.8498343322897277
decision_type=2 2 2 2 2 2 2 2 2 2 2 2 2 2
left_child=2 3 9 6 -4 -5 -2 -3 -9 -1 11 -11 -12 -14
right_child=1 7 4 5 -6 -7 -8 8 -10 10 12 -13 13 -15
leaf_value=-0.40447710760494293 23.629008229573561 0.27878150883842917 40.89298126220703 22.326000213623054 -1.6000905354817705 46.644044799804682 -0.45855548381805405 30.513436889648439 -1.7473105748494462 57.111884562174481 0.1609289370915469 9.281236457824706 25.570116424560549 3.2363792737325023
leaf_weight=2624 3 85 5 3.9999999999999982 3 5 7.0000000000000018 2.9999999999999991 3 2.9999999999999991 255 4 3.9999999999999991 3
leaf_count=2624 3 85 5 4 3 5 7 3 3 3 255 4 4 3
internal_value=-1.50462e-08 4.54724 -0.172422 20.5369 24.9581 35.836 6.76771 1.20873 14.3831 -0.241915 1.34382 29.7801 0.584071 15.9985
internal_weight=3011 110 2901 19 8 9 10 91 6 2893 269 7 262 7
internal_count=3011 110 2901 19 8 9 10 91 6 2893 269 7 262 7
is_linear=0
shrinkage=0.05


Tree=17
num_leaves=15
num_cat=0
split_feature=0 4 15 16 14 27 10 49 50 0 35 37 9 8
split_gain=855724 3.75686e+06 1.41053e+06 1.13217e+06 573536 589396 420660 216017 496675 823682 359401 296430 720242 180674
threshold=2.7116334761987444 0.060412511091216488 0.3615133633692687 0.12927639189802589 -1.0000000180025095e-35 0.28539144430081687 0.060945922996493193 0.1908250475016465 0.15316902763542067 2.8370631618209337 -0.41796152667404213 -0.11840152523155448 -0.08761108342167262 0.12620803295897262
decision_type=2 2 2 2 2 2 2 2 2 2 2 2 2 2
left_child=1 2 3 4 5 -1 -3 8 10 -10 -2 12 -12 -6
right_child=7 6 -4 -5 13 -7 -8 -9 9 -11 11 -13 -14 -15
leaf_value=1.3107050100962323 17.763599491119386 45.19895172119142 30.976512670516968 24.674476776123047 -0.59182057867244797 24.55462249755859 24.266025670369462 -0.45064682089018099 26.404831542968754 -0.16608055659702844 25.080497550964335 -0.072164818088975111 1.8386887335777282 2.1914343457265075
leaf_weight=5.9999999999999982 2.9999999999999991 3.9999999999999982 3.9999999999999991 4.9999999999999991 196 5 6 2376 4.9999999999999982 7 4.0000000000000027 287 20 83
leaf_count=6 3 4 4 5 196 5 6 2376 5 7 4 287 20 83
internal_value=-1.22104e-08 2.49256 1.48431 1.08441 0.677688 11.8761 32.6392 -0.285048 0.921892 10.9051 0.540367 0.374227 5.71232 0.236173
internal_weight=3011 309 299 295 290 11 10 2702 326 12 314 311 24 279
internal_count=3011 309 299 295 290 11 10 2702 326 12 314 311 24 279
is_linear=0
shrinkage=0.05


Tree=18
num_leaves=15
num_cat=0
split_feature=7 5 12 43 15 49 9 8 0 27 35 2 26 0
split_gain=792148 1.94917e+06 1.67168e+06 1.3751e+06 1.12882e+06 462154 380680 365293 520213 244820 1.97485e+06 1.37727e+06 557083 270053
threshold=0.16693883847388805 -0.063454766760364975 0.16919521795350842 0.056557262695925724 0.13721703133208762 0.064746031227456216 -0.095851380625068761 0.083505920422862881 2.7345194999248665 0.26911572783095666 -0.18193383272191799 57.500000000000007 0.070843762781051214 2.8498343322897277
decision_type=2 2 2 2 2 2 2 2 2 2 2 2 2 2
left_child=2 3 9 6 -4 -5 -2 -3 -9 -1 11 -11 -12 -14
right_child=1 7 4 5 -6 -7 -8 8 -10 10 12 -13 13 -15
leaf_value=-0.36830753272785466 20.871799214680983 0.28188101712395164 3.8848261833190914 20.241988945007332 41.448395538330068 43.04380249023437 -0.41648547989981505 27.7696538289388 -1.6755683024724322 53.03471171061198 0.13327197701323265 8.2181827545166009 22.935852813720704 3.0907845815022781
leaf_weight=2624 3 85 4 3.9999999999999982 4 5 7.0000000000000018 2.9999999999999991 3 2.9999999999999991 255 4 3.9999999999999991 3
leaf_count=2624 3 85 4 4 4 5 7 3 3 3 255 4 4 3
internal_value=5.59524e-09 4.16481 -0.157921 18.7309 22.6666 32.9097 5.97 1.12354 13.047 -0.221038 1.21553 27.4253 0.515268 14.4308
internal_weight=3011 110 2901 19 8 9 10 91 6 2893 269 7 262 7
internal_count=3011 110 2901 19 8 9 10 91 6 2893 269 7 262 7
is_linear=0
shrinkage=0.05


Tree=19
num_leaves=15
num_cat=0
split_feature=7 5 12 43 2 49 9 34 16 27 35 2 26 0
split_gain=714913 1.75913e+06 1.50869e+06 1.24102e+06 1.04225e+06 417094 343564 331049 467252 220950 1.7823e+06 1.24299e+06 502768 243722
threshold=0.16693883847388805 -0.063454766760364975 0.16919521795350842 0.056557262695925724 175.50000000000003 0.064746031227456216 -0.095851380625068761 0.080812223758823146 -1.0000000180025095e-35 0.26911572783095666 -0.18193383272191799 57.500000000000007 0.070843762781051214 2.8498343322897277
decision_type=2 2 2 2 2 2 2 2 2 2 2 2 2 2
left_child=2 3 9 6 -4 -5 -2 -3 -9 -1 11 -11 -12 -14
right_child=1 7 4 5 -6 -7 -8 8 -10 10 12 -13 13 -15
leaf_value=-0.34989215575567467 19.828208541870112 0.13109306369919377 35.512617187499998 19.229890060424811 -1.7656144142150876 40.891612548828121 -0.39566121101379381 1.421159572601318 26.381171162923177 50.382977294921879 0.12660836889463312 7.8072734832763659 21.789060211181642 2.9362452824910474
leaf_weight=2624 3 83 5 3.9999999999999982 3 5 7.0000000000000018 5.0000000000000009 2.9999999999999991 2.9999999999999991 255 4 3.9999999999999991 3
leaf_count=2624 3 83 5 4 3 5 7 5 3 3 255 4 4 3
internal_value=6.09211e-09 3.95657 -0.150025 17.7943 21.5333 31.2642 5.6715 1.06736 10.7812 -0.209986 1.15475 26.054 0.489504 13.7093
internal_weight=3011 110 2901 19 8 9 10 91 8 2893 269 7 262 7
internal_count=3011 110 2901 19 8 9 10 91 8 2893 269 7 262 7
is_linear=0
shrinkage=0.05


end of trees

feature_importances:
a2_score=26
prompt_approx_tokens=25
embedding_10=17
embedding_45=17
embedding_00=16
embedding_23=16
embedding_31=14
embedding_22=13
embedding_11=11
embedding_32=11
embedding_06=10
embedding_08=9
embedding_12=9
embedding_27=9
embedding_29=9
embedding_01=8
embedding_13=8
embedding_03=7
embedding_04=6
embedding_05=6
embedding_21=5
embedding_35=4
embedding_39=4
embedding_37=3
embedding_46=3
embedding_09=2
embedding_30=2
embedding_33=2
embedding_02=1
embedding_07=1
embedding_17=1
embedding_18=1
embedding_19=1
embedding_28=1
embedding_38=1
embedding_47=1

parameters:
[boosting: gbdt]
[objective: regression]
[metric: rmse]
[tree_learner: serial]
[device_type: cpu]
[data_sample_strategy: bagging]
[data: ]
[valid: ]
[num_iterations: 20]
[learning_rate: 0.05]
[num_leaves: 15]
[num_threads: 1]
[seed: 23]
[deterministic: 0]
[force_col_wise: 1]
[force_row_wise: 0]
[histogram_pool_size: -1]
[max_depth: -1]
[min_data_in_leaf: 3]
[min_sum_hessian_in_leaf: 0.001]
[bagging_fraction: 1]
[pos_bagging_fraction: 1]
[neg_bagging_fraction: 1]
[bagging_freq: 0]
[bagging_seed: 25556]
[bagging_by_query: 0]
[feature_fraction: 1]
[feature_fraction_bynode: 1]
[feature_fraction_seed: 31605]
[extra_trees: 0]
[extra_seed: 3808]
[early_stopping_round: 0]
[early_stopping_min_delta: 0]
[first_metric_only: 0]
[max_delta_step: 0]
[lambda_l1: 0]
[lambda_l2: 0]
[linear_lambda: 0]
[min_gain_to_split: 0]
[drop_rate: 0.1]
[max_drop: 50]
[skip_drop: 0.5]
[xgboost_dart_mode: 0]
[uniform_drop: 0]
[drop_seed: 6130]
[top_rate: 0.2]
[other_rate: 0.1]
[min_data_per_group: 100]
[max_cat_threshold: 32]
[cat_l2: 10]
[cat_smooth: 10]
[max_cat_to_onehot: 4]
[top_k: 20]
[monotone_constraints: ]
[monotone_constraints_method: basic]
[monotone_penalty: 0]
[feature_contri: ]
[forcedsplits_filename: ]
[refit_decay_rate: 0.9]
[cegb_tradeoff: 1]
[cegb_penalty_split: 0]
[cegb_penalty_feature_lazy: ]
[cegb_penalty_feature_coupled: ]
[path_smooth: 0]
[interaction_constraints: ]
[verbosity: -1]
[saved_feature_importance_type: 0]
[use_quantized_grad: 0]
[num_grad_quant_bins: 4]
[quant_train_renew_leaf: 0]
[stochastic_rounding: 1]
[linear_tree: 0]
[max_bin: 255]
[max_bin_by_feature: ]
[min_data_in_bin: 3]
[bin_construct_sample_cnt: 200000]
[data_random_seed: 113]
[is_enable_sparse: 1]
[enable_bundle: 1]
[use_missing: 1]
[zero_as_missing: 0]
[feature_pre_filter: 1]
[pre_partition: 0]
[two_round: 0]
[header: 0]
[label_column: ]
[weight_column: ]
[group_column: ]
[ignore_column: ]
[categorical_feature: ]
[forcedbins_filename: ]
[precise_float_parser: 0]
[parser_config_file: ]
[objective_seed: 16714]
[num_class: 1]
[is_unbalance: 0]
[scale_pos_weight: 1]
[sigmoid: 1]
[boost_from_average: 1]
[reg_sqrt: 0]
[alpha: 0.9]
[fair_c: 1]
[poisson_max_delta_step: 0.7]
[tweedie_variance_power: 1.5]
[lambdarank_truncation_level: 30]
[lambdarank_norm: 1]
[label_gain: ]
[lambdarank_position_bias_regularization: 0]
[eval_at: ]
[multi_error_top_k: 1]
[auc_mu_weights: ]
[num_machines: 1]
[local_listen_port: 12400]
[time_out: 120]
[machine_list_filename: ]
[machines: ]
[gpu_platform_id: -1]
[gpu_device_id: -1]
[gpu_device_id_list: ]
[gpu_use_dp: 0]
[num_gpu: 1]

end of parameters

pandas_categorical:null
